Keyframe: 0 Frame: 0 Frame from vFrameID : 27
Tcw:
[1, 0, 0, 0;
 0, 1, 0, 0;
 0, 0, 1, 0;
 0, 0, 0, 1]
Twc:
[1, 0, 0, 0;
 0, 1, 0, 0;
 0, 0, 1, 0;
 0, 0, 0, 1]
Ow:
[0;
 0;
 0]
Keyframe: 1 Frame: 26 Frame from vFrameID : 27
Tcw:
[0.999681, -0.024485944, -0.0061901677, 0.017748531;
 0.02445828, 0.99969071, -0.0045060948, -0.020366775;
 0.0062985891, 0.0043532564, 0.99997067, 0.00078356126;
 0, 0, 0, 1]
Twc:
[0.999681, 0.02445828, 0.0062985891, -0.017249668;
 -0.024485944, 0.99969071, 0.0043532564, 0.020791652;
 -0.0061901677, -0.0045060948, 0.99997067, -0.00076544657;
 0, 0, 0, 1]
Ow:
[0.017748531;
 -0.020366775;
 0.00078356126]
Keyframe: 2 Frame: 29 Frame from vFrameID : 30
Tcw:
[0.99967098, -0.02453134, -0.0074965912, 0.046769101;
 0.024483353, 0.99967957, -0.0064273449, -0.030059097;
 0.0076518604, 0.006241688, 0.99995124, -0.00019216491;
 0, 0, 0, 1]
Twc:
[0.99967098, 0.024483353, 0.0076518604, -0.046016295;
 -0.02453134, 0.99967957, 0.006241688, 0.031197974;
 -0.0074965912, -0.0064273449, 0.99995124, 0.00034956419;
 0, 0, 0, 1]
Ow:
[0.046769101;
 -0.030059097;
 -0.00019216491]
Keyframe: 3 Frame: 33 Frame from vFrameID : 32
Tcw:
[0.99971831, -0.022379588, -0.0078995991, 0.055957407;
 0.022315068, 0.99971765, -0.008163386, -0.038490094;
 0.0080800615, 0.0079848068, 0.99993545, -0.0022520102;
 0, 0, 0, 1]
Twc:
[0.99971831, 0.022315068, 0.0080800615, -0.055064544;
 -0.022379588, 0.99971765, 0.0079848068, 0.039749514;
 -0.0078995991, -0.008163386, 0.99993545, 0.0023796966;
 0, 0, 0, 1]
Ow:
[0.055957407;
 -0.038490094;
 -0.0022520102]
Keyframe: 4 Frame: 35 Frame from vFrameID : 34
Tcw:
[0.99974781, -0.021704018, -0.0057642772, 0.061562266;
 0.021657515, 0.99973333, -0.0080107385, -0.03647995;
 0.0059366054, 0.0078838784, 0.9999513, -0.0017410317;
 0, 0, 0, 1]
Twc:
[0.99974781, 0.021657515, 0.0059366054, -0.060746338;
 -0.021704018, 0.99973333, 0.0078838784, 0.037820097;
 -0.0057642772, -0.0080107385, 0.9999513, 0.0018035774;
 0, 0, 0, 1]
Ow:
[0.061562266;
 -0.03647995;
 -0.0017410317]
Keyframe: 5 Frame: 40 Frame from vFrameID : 36
Tcw:
[0.99983269, -0.016697923, -0.00746655, 0.047133777;
 0.016600125, 0.99977803, -0.012973593, -0.020986149;
 0.0076815248, 0.012847477, 0.99988794, 0.0071741366;
 0, 0, 0, 1]
Twc:
[0.99983269, 0.016600125, 0.0076815248, -0.046832629;
 -0.016697923, 0.99977803, 0.012847477, 0.021676358;
 -0.00746655, -0.012973593, 0.99988794, -0.0070936722;
 0, 0, 0, 1]
Ow:
[0.047133777;
 -0.020986149;
 0.0071741366]
Keyframe: 6 Frame: 44 Frame from vFrameID : 41
Tcw:
[0.99953401, -0.029200036, -0.0088964663, 0.048884358;
 0.029067134, 0.9994691, -0.014718757, -0.017123191;
 0.0093215313, 0.014453303, 0.99985212, 0.009209306;
 0, 0, 0, 1]
Twc:
[0.99953401, 0.029067134, 0.0093215313, -0.048449699;
 -0.029200036, 0.9994691, 0.014453303, 0.01840842;
 -0.0088964663, -0.014718757, 0.99985212, -0.0090250773;
 0, 0, 0, 1]
Ow:
[0.048884358;
 -0.017123191;
 0.009209306]
Keyframe: 7 Frame: 49 Frame from vFrameID : 43
Tcw:
[0.99869049, -0.050626442, -0.0073638582, 0.040110204;
 0.050485983, 0.99855983, -0.018150708, -0.010712579;
 0.0082721589, 0.017755168, 0.99980813, 0.012280362;
 0, 0, 0, 1]
Twc:
[0.99869049, 0.050485983, 0.0082721589, -0.039618433;
 -0.050626442, 0.99855983, 0.017755168, 0.012509748;
 -0.0073638582, -0.018150708, 0.99980813, -0.012177081;
 0, 0, 0, 1]
Ow:
[0.040110204;
 -0.010712579;
 0.012280362]
Keyframe: 8 Frame: 54 Frame from vFrameID : 45
Tcw:
[0.99891913, -0.046263468, -0.0045074141, 0.017672651;
 0.046158668, 0.99871141, -0.021093786, -0.008503654;
 0.0054774773, 0.02086293, 0.99976736, 0.017877677;
 0, 0, 0, 1]
Twc:
[0.99891913, 0.046158668, 0.0054774773, -0.017358953;
 -0.046263468, 0.99871141, 0.02086293, 0.0089373132;
 -0.0045074141, -0.021093786, 0.99976736, -0.017973235;
 0, 0, 0, 1]
Ow:
[0.017672651;
 -0.008503654;
 0.017877677]
Keyframe: 9 Frame: 57 Frame from vFrameID : 48
Tcw:
[0.99913192, -0.041598704, -0.0022375139, 0.014511934;
 0.041549128, 0.99895769, -0.018898668, -0.015089761;
 0.003021342, 0.018789295, 0.99981892, 0.014652645;
 0, 0, 0, 1]
Twc:
[0.99913192, 0.041549128, 0.003021342, -0.013916641;
 -0.041598704, 0.99895769, 0.018789295, 0.015402398;
 -0.0022375139, -0.018898668, 0.99981892, -0.014902698;
 0, 0, 0, 1]
Ow:
[0.014511934;
 -0.015089761;
 0.014652645]
Keyframe: 10 Frame: 60 Frame from vFrameID : 50
Tcw:
[0.99932474, -0.03673913, -0.00055804686, 0.01815249;
 0.036732849, 0.99928677, -0.0087516615, -0.040470295;
 0.0008791773, 0.0087252539, 0.99996156, 0.0027107589;
 0, 0, 0, 1]
Twc:
[0.99932474, 0.036732849, 0.0008791773, -0.016656026;
 -0.03673913, 0.99928677, 0.0087252539, 0.041084688;
 -0.00055804686, -0.0087516615, 0.99996156, -0.0030547071;
 0, 0, 0, 1]
Ow:
[0.01815249;
 -0.040470295;
 0.0027107589]
Keyframe: 11 Frame: 63 Frame from vFrameID : 55
Tcw:
[0.99966455, -0.025900664, 2.8119266e-05, 0.030646764;
 0.025897756, 0.99956745, 0.013937507, -0.10516027;
 -0.00038909778, -0.013932102, 0.99990284, -0.024001483;
 0, 0, 0, 1]
Twc:
[0.99966455, 0.025897756, -0.00038909778, -0.027922405;
 -0.025900664, 0.99956745, -0.013932102, 0.10557417;
 2.8119266e-05, 0.013937507, 0.99990284, 0.025463963;
 0, 0, 0, 1]
Ow:
[0.030646764;
 -0.10516027;
 -0.024001483]
Keyframe: 12 Frame: 68 Frame from vFrameID : 58
Tcw:
[0.99915314, -0.038809329, 0.013670564, 0.0079915812;
 0.035558078, 0.98157686, 0.18772992, -0.36235243;
 -0.020704381, -0.18708484, 0.98212552, -0.11841035;
 0, 0, 0, 1]
Twc:
[0.99915314, 0.035558078, -0.020704381, 0.0024481292;
 -0.038809329, 0.98157686, -0.18708484, 0.33383411;
 0.013670564, 0.18772992, 0.98212552, 0.18420897;
 0, 0, 0, 1]
Ow:
[0.0079915812;
 -0.36235243;
 -0.11841035]
Keyframe: 13 Frame: 72 Frame from vFrameID : 61
Tcw:
[0.99411559, -0.09503033, 0.051993947, -0.09949559;
 0.063545212, 0.90032166, 0.43056118, -0.83069503;
 -0.087727651, -0.42472365, 0.90106255, -0.14002818;
 0, 0, 0, 1]
Twc:
[0.99411559, 0.063545212, -0.087727651, 0.13941246;
 -0.09503033, 0.90032166, -0.42472365, 0.67896438;
 0.051993947, 0.43056118, 0.90106255, 0.48901236;
 0, 0, 0, 1]
Ow:
[-0.09949559;
 -0.83069503;
 -0.14002818]
Keyframe: 14 Frame: 77 Frame from vFrameID : 64
Tcw:
[0.99353182, -0.10657864, 0.039185494, -0.047269944;
 0.07117635, 0.85337746, 0.51641148, -1.0195911;
 -0.088478453, -0.51028216, 0.85544354, -0.12557787;
 0, 0, 0, 1]
Twc:
[0.99353182, 0.07117635, -0.088478453, 0.10842403;
 -0.10657864, 0.85337746, -0.51028216, 0.80097789;
 0.039185494, 0.51641148, 0.85544354, 0.63580561;
 0, 0, 0, 1]
Ow:
[-0.047269944;
 -1.0195911;
 -0.12557787]
Keyframe: 15 Frame: 84 Frame from vFrameID : 69
Tcw:
[0.99780148, -0.05186253, 0.041260742, -0.18426923;
 0.022484418, 0.85056895, 0.52538258, -1.0182679;
 -0.062342778, -0.52329981, 0.84986508, -0.14068109;
 0, 0, 0, 1]
Twc:
[0.99780148, 0.022484418, -0.062342778, 0.19798884;
 -0.05186253, 0.85056895, -0.52329981, 0.78293204;
 0.041260742, 0.52538258, 0.84986508, 0.66214329;
 0, 0, 0, 1]
Ow:
[-0.18426923;
 -1.0182679;
 -0.14068109]
Keyframe: 16 Frame: 88 Frame from vFrameID : 73
Tcw:
[0.9984107, -0.037777968, 0.041820504, -0.21224654;
 0.01018679, 0.85081154, 0.52537221, -1.015806;
 -0.055428863, -0.52411121, 0.84984416, -0.1463221;
 0, 0, 0, 1]
Twc:
[0.9984107, 0.01018679, -0.055428863, 0.21414654;
 -0.037777968, 0.85081154, -0.52411121, 0.7795521;
 0.041820504, 0.52537221, 0.84984416, 0.66690344;
 0, 0, 0, 1]
Ow:
[-0.21224654;
 -1.015806;
 -0.1463221]
Keyframe: 17 Frame: 92 Frame from vFrameID : 78
Tcw:
[0.99869823, -0.0098093953, 0.050056465, -0.15165463;
 -0.017882824, 0.85171741, 0.52369612, -0.99465704;
 -0.047771107, -0.52390957, 0.85043323, -0.16624933;
 0, 0, 0, 1]
Twc:
[0.99869823, -0.017882824, -0.047771107, 0.12572803;
 -0.0098093953, 0.85171741, -0.52390957, 0.75857943;
 0.050056465, 0.52369612, 0.85043323, 0.66987336;
 0, 0, 0, 1]
Ow:
[-0.15165463;
 -0.99465704;
 -0.16624933]
Keyframe: 18 Frame: 97 Frame from vFrameID : 85
Tcw:
[0.99821621, -0.029603159, 0.051846299, -0.12503527;
 -0.0020513306, 0.85089201, 0.52533668, -0.99246055;
 -0.059667226, -0.52450591, 0.84931344, -0.16955629;
 0, 0, 0, 1]
Twc:
[0.99821621, -0.0020513306, -0.059667226, 0.11265941;
 -0.029603159, 0.85089201, -0.52450591, 0.75184202;
 0.051846299, 0.52533668, 0.84931344, 0.67186493;
 0, 0, 0, 1]
Ow:
[-0.12503527;
 -0.99246055;
 -0.16955629]
Keyframe: 19 Frame: 102 Frame from vFrameID : 89
Tcw:
[0.9930293, -0.11228722, 0.035838094, -0.044229914;
 0.077206932, 0.8494119, 0.52205217, -1.021011;
 -0.089061089, -0.51564616, 0.85216027, -0.17012495;
 0, 0, 0, 1]
Twc:
[0.9930293, 0.077206932, -0.089061089, 0.10759921;
 -0.11228722, 0.8494119, -0.51564616, 0.7745682;
 0.035838094, 0.52205217, 0.85216027, 0.67957991;
 0, 0, 0, 1]
Ow:
[-0.044229914;
 -1.021011;
 -0.17012495]
Keyframe: 20 Frame: 106 Frame from vFrameID : 93
Tcw:
[0.99467158, -0.096348502, 0.036679134, 0.035265647;
 0.063271716, 0.85141152, 0.52066791, -0.9823494;
 -0.081394613, -0.51557285, 0.85297102, -0.19150317;
 0, 0, 0, 1]
Twc:
[0.99467158, 0.063271716, -0.081394613, 0.011489868;
 -0.096348502, 0.85141152, -0.51557285, 0.74104756;
 0.036679134, 0.52066791, 0.85297102, 0.673531;
 0, 0, 0, 1]
Ow:
[0.035265647;
 -0.9823494;
 -0.19150317]
Keyframe: 21 Frame: 112 Frame from vFrameID : 98
Tcw:
[0.99878049, -0.024767146, 0.042709779, 0.13982917;
 -0.0010969348, 0.85372537, 0.52072239, -0.985358;
 -0.049359228, -0.52013421, 0.85265708, -0.20628065;
 0, 0, 0, 1]
Twc:
[0.99878049, -0.0010969348, -0.049359228, -0.15092137;
 -0.024767146, 0.85372537, -0.52013421, 0.73739463;
 0.042709779, 0.52072239, 0.85265708, 0.68301255;
 0, 0, 0, 1]
Ow:
[0.13982917;
 -0.985358;
 -0.20628065]
Keyframe: 22 Frame: 115 Frame from vFrameID : 103
Tcw:
[0.99903095, -0.012034419, 0.042336211, 0.10154361;
 -0.012015614, 0.85078228, 0.52538097, -0.94370472;
 -0.042341553, -0.52538055, 0.84981322, -0.21147498;
 0, 0, 0, 1]
Twc:
[0.99903095, -0.012015614, -0.042341553, -0.12173857;
 -0.012034419, 0.85078228, -0.52538055, 0.69300449;
 0.042336211, 0.52538097, 0.84981322, 0.67121977;
 0, 0, 0, 1]
Ow:
[0.10154361;
 -0.94370472;
 -0.21147498]
Keyframe: 23 Frame: 119 Frame from vFrameID : 107
Tcw:
[0.99875176, -0.010649151, 0.048801169, 0.037161965;
 -0.016376203, 0.8531971, 0.52133149, -0.90563864;
 -0.047188751, -0.52147996, 0.85195768, -0.21690464;
 0, 0, 0, 1]
Twc:
[0.99875176, -0.016376203, -0.047188751, -0.062181965;
 -0.010649151, 0.8531971, -0.52147996, 0.65997255;
 0.048801169, 0.52133149, 0.85195768, 0.65511805;
 0, 0, 0, 1]
Ow:
[0.037161965;
 -0.90563864;
 -0.21690464]
Keyframe: 24 Frame: 125 Frame from vFrameID : 116
Tcw:
[0.99853879, -0.0044814334, 0.053854015, -0.13416074;
 -0.024151884, 0.85448188, 0.51891947, -0.90704173;
 -0.048342783, -0.51946187, 0.85312504, -0.15217546;
 0, 0, 0, 1]
Twc:
[0.99853879, -0.024151884, -0.048342783, 0.10470135;
 -0.0044814334, 0.85448188, -0.51946187, 0.69540012;
 0.053854015, 0.51891947, 0.85312504, 0.6077314;
 0, 0, 0, 1]
Ow:
[-0.13416074;
 -0.90704173;
 -0.15217546]
Keyframe: 25 Frame: 128 Frame from vFrameID : 120
Tcw:
[0.99851692, -0.011680433, 0.05317482, -0.18196213;
 -0.017660985, 0.85439962, 0.51931626, -0.95269907;
 -0.051498383, -0.51948518, 0.85292619, -0.10707495;
 0, 0, 0, 1]
Twc:
[0.99851692, -0.017660985, -0.051498383, 0.15935247;
 -0.011680433, 0.85439962, -0.51948518, 0.75623643;
 0.05317482, 0.51931626, 0.85292619, 0.59575492;
 0, 0, 0, 1]
Ow:
[-0.18196213;
 -0.95269907;
 -0.10707495]
Keyframe: 26 Frame: 132 Frame from vFrameID : 126
Tcw:
[0.99849576, -0.014267331, 0.052939944, -0.10540569;
 -0.014923375, 0.85837746, 0.51280153, -0.88781983;
 -0.052758764, -0.51282018, 0.85687339, -0.13904837;
 0, 0, 0, 1]
Twc:
[0.99849576, -0.014923375, -0.052758764, 0.084661841;
 -0.014267331, 0.85837746, -0.51282018, 0.68927389;
 0.052939944, 0.51280153, 0.85687339, 0.58000237;
 0, 0, 0, 1]
Ow:
[-0.10540569;
 -0.88781983;
 -0.13904837]
Keyframe: 27 Frame: 138 Frame from vFrameID : 133
Tcw:
[0.99839139, -0.021645812, 0.052402921, -0.010173608;
 -0.0081701186, 0.85968244, 0.51076353, -0.88038808;
 -0.056105763, -0.51037002, 0.85812271, -0.16776541;
 0, 0, 0, 1]
Twc:
[0.99839139, -0.0081701186, -0.056105763, -0.0064482372;
 -0.021645812, 0.85968244, -0.51037002, 0.67101151;
 0.052402921, 0.51076353, 0.85812271, 0.59416652;
 0, 0, 0, 1]
Ow:
[-0.010173608;
 -0.88038808;
 -0.16776541]
Keyframe: 28 Frame: 141 Frame from vFrameID : 142
Tcw:
[0.99847656, -0.0077209757, 0.054634918, -0.10544997;
 -0.021198949, 0.86049122, 0.50902402, -0.86596942;
 -0.050943028, -0.50940675, 0.85901666, -0.17486054;
 0, 0, 0, 1]
Twc:
[0.99847656, -0.021198949, -0.050943028, 0.078023762;
 -0.0077209757, 0.86049122, -0.50940675, 0.6552698;
 0.054634918, 0.50902402, 0.85901666, 0.59676856;
 0, 0, 0, 1]
Ow:
[-0.10544997;
 -0.86596942;
 -0.17486054]
Keyframe: 29 Frame: 144 Frame from vFrameID : 145
Tcw:
[0.99832332, -0.0042386916, 0.057728726, -0.11490952;
 -0.025763128, 0.86054879, 0.50871611, -0.8469578;
 -0.051834676, -0.50935042, 0.85899669, -0.18615779;
 0, 0, 0, 1]
Twc:
[0.99832332, -0.025763128, -0.051834676, 0.083247148;
 -0.0042386916, 0.86054879, -0.50935042, 0.63354188;
 0.057728726, 0.50871611, 0.85899669, 0.59740353;
 0, 0, 0, 1]
Ow:
[-0.11490952;
 -0.8469578;
 -0.18615779]
Keyframe: 30 Frame: 147 Frame from vFrameID : 148
Tcw:
[0.99843156, -0.0088319331, 0.055284426, -0.018122036;
 -0.020473827, 0.86147887, 0.50738049, -0.84815538;
 -0.052107517, -0.5077166, 0.85994691, -0.19529569;
 0, 0, 0, 1]
Twc:
[0.99843156, -0.020473827, -0.052107517, -0.0094477506;
 -0.0088319331, 0.86147887, -0.5077166, 0.63135308;
 0.055284426, 0.50738049, 0.85994691, 0.59928334;
 0, 0, 0, 1]
Ow:
[-0.018122036;
 -0.84815538;
 -0.19529569]
Keyframe: 31 Frame: 153 Frame from vFrameID : 154
Tcw:
[0.99863952, -0.022860583, 0.046867248, 0.094266944;
 -0.0045273071, 0.85737538, 0.51467174, -0.88500917;
 -0.051948521, -0.5141837, 0.85610539, -0.1867235;
 0, 0, 0, 1]
Twc:
[0.99863952, -0.0045273071, -0.051948521, -0.10784541;
 -0.022860583, 0.85737538, -0.5141837, 0.66492987;
 0.046867248, 0.51467174, 0.85610539, 0.61092615;
 0, 0, 0, 1]
Ow:
[0.094266944;
 -0.88500917;
 -0.1867235]
Keyframe: 32 Frame: 157 Frame from vFrameID : 158
Tcw:
[0.99865121, -0.0069962032, 0.051447768, 0.037104167;
 -0.020278729, 0.8596226, 0.51052696, -0.90307099;
 -0.047797412, -0.51088166, 0.85832125, -0.17540517;
 0, 0, 0, 1]
Twc:
[0.99865121, -0.020278729, -0.047797412, -0.063751161;
 -0.0069962032, 0.8596226, -0.51088166, 0.68694854;
 0.051447768, 0.51052696, 0.85832125, 0.60968715;
 0, 0, 0, 1]
Ow:
[0.037104167;
 -0.90307099;
 -0.17540517]
Keyframe: 33 Frame: 162 Frame from vFrameID : 163
Tcw:
[0.99813545, 0.017546307, 0.058461998, -0.077755436;
 -0.044898052, 0.859909, 0.50846893, -0.89609581;
 -0.041350249, -0.51014566, 0.85909343, -0.16729525;
 0, 0, 0, 1]
Twc:
[0.99813545, -0.044898052, -0.041350249, 0.030459795;
 0.017546307, 0.859909, -0.51014566, 0.68658024;
 0.058461998, 0.50846893, 0.85909343, 0.60390484;
 0, 0, 0, 1]
Ow:
[-0.077755436;
 -0.89609581;
 -0.16729525]
Keyframe: 34 Frame: 167 Frame from vFrameID : 168
Tcw:
[0.99599552, 0.05575734, 0.069885753, -0.212865;
 -0.083681799, 0.85655749, 0.50922155, -0.89733589;
 -0.031468324, -0.51303059, 0.85779333, -0.15595973;
 0, 0, 0, 1]
Twc:
[0.99599552, -0.083681799, -0.031468324, 0.13201411;
 0.05575734, 0.85655749, -0.51303059, 0.70047653;
 0.069885753, 0.50922155, 0.85779333, 0.60560024;
 0, 0, 0, 1]
Ow:
[-0.212865;
 -0.89733589;
 -0.15595973]
Keyframe: 35 Frame: 170 Frame from vFrameID : 172
Tcw:
[0.99508232, 0.061703365, 0.077484466, -0.294047;
 -0.092786811, 0.85445726, 0.5111686, -0.88721895;
 -0.034666341, -0.5158444, 0.85598063, -0.15477517;
 0, 0, 0, 1]
Twc:
[0.99508232, -0.092786811, -0.034666341, 0.20491326;
 0.061703365, 0.85445726, -0.5158444, 0.69639444;
 0.077484466, 0.5111686, 0.85598063, 0.60878706;
 0, 0, 0, 1]
Ow:
[-0.294047;
 -0.88721895;
 -0.15477517]
Keyframe: 36 Frame: 175 Frame from vFrameID : 176
Tcw:
[0.99598908, 0.040536735, 0.079765223, -0.25737324;
 -0.075804174, 0.85589558, 0.51156276, -0.90374053;
 -0.04753362, -0.51555747, 0.85553551, -0.14946088;
 0, 0, 0, 1]
Twc:
[0.99598908, -0.075804174, -0.04753362, 0.18072923;
 0.040536735, 0.85589558, -0.51555747, 0.70688492;
 0.079765223, 0.51156276, 0.85553551, 0.61071855;
 0, 0, 0, 1]
Ow:
[-0.25737324;
 -0.90374053;
 -0.14946088]
Keyframe: 37 Frame: 180 Frame from vFrameID : 181
Tcw:
[0.99741828, 0.03092475, 0.064810939, -0.1219635;
 -0.059741288, 0.85813534, 0.50993598, -0.91422808;
 -0.039846916, -0.51249135, 0.85776734, -0.1505051;
 0, 0, 0, 1]
Twc:
[0.99741828, -0.059741288, -0.039846916, 0.061034296;
 0.03092475, 0.85813534, -0.51249135, 0.71117055;
 0.064810939, 0.50993598, 0.85776734, 0.60320067;
 0, 0, 0, 1]
Ow:
[-0.1219635;
 -0.91422808;
 -0.1505051]
Keyframe: 38 Frame: 184 Frame from vFrameID : 185
Tcw:
[0.99857026, 0.017829038, 0.050394535, -0.03458501;
 -0.041090742, 0.85901034, 0.5103066, -0.90518534;
 -0.03419115, -0.51164776, 0.85851473, -0.1580646;
 0, 0, 0, 1]
Twc:
[0.99857026, -0.041090742, -0.03419115, -0.0080635864;
 0.017829038, 0.85901034, -0.51164776, 0.69730675;
 0.050394535, 0.5103066, 0.85851473, 0.59936577;
 0, 0, 0, 1]
Ow:
[-0.03458501;
 -0.90518534;
 -0.1580646]
Keyframe: 39 Frame: 189 Frame from vFrameID : 190
Tcw:
[0.99933797, -0.0020856953, 0.036322281, 0.067594968;
 -0.016637564, 0.86165106, 0.50722837, -0.90341103;
 -0.032355055, -0.50749683, 0.8610459, -0.165241;
 0, 0, 0, 1]
Twc:
[0.99933797, -0.016637564, -0.032355055, -0.087927163;
 -0.0020856953, 0.86165106, -0.50749683, 0.6947068;
 0.036322281, 0.50722837, 0.8610459, 0.59806061;
 0, 0, 0, 1]
Ow:
[0.067594968;
 -0.90341103;
 -0.165241]
Keyframe: 40 Frame: 194 Frame from vFrameID : 195
Tcw:
[0.99922365, -0.029208792, 0.026437191, 0.1614226;
 0.011723058, 0.86110407, 0.50829357, -0.89723969;
 -0.037611812, -0.50758904, 0.86077797, -0.17081487;
 0, 0, 0, 1]
Twc:
[0.99922365, 0.011723058, -0.037611812, -0.15720354;
 -0.029208792, 0.86110407, -0.50758904, 0.69062793;
 0.026437191, 0.50829357, 0.86077797, 0.5988273;
 0, 0, 0, 1]
Ow:
[0.1614226;
 -0.89723969;
 -0.17081487]
Keyframe: 41 Frame: 199 Frame from vFrameID : 200
Tcw:
[0.99886149, -0.041885301, 0.022833386, 0.17982906;
 0.024458332, 0.86059004, 0.50871068, -0.90191436;
 -0.040957686, -0.50757301, 0.86063468, -0.16949388;
 0, 0, 0, 1]
Twc:
[0.99886149, 0.024458332, -0.040957686, -0.16450708;
 -0.041885301, 0.86059004, -0.50757301, 0.69768018;
 0.022833386, 0.50871068, 0.86063468, 0.60057962;
 0, 0, 0, 1]
Ow:
[0.17982906;
 -0.90191436;
 -0.16949388]
Keyframe: 42 Frame: 203 Frame from vFrameID : 204
Tcw:
[0.9982667, -0.051674843, 0.02816499, 0.16131185;
 0.02999026, 0.85844028, 0.51203603, -0.89836645;
 -0.050637342, -0.51030385, 0.85850209, -0.16387504;
 0, 0, 0, 1]
Twc:
[0.9982667, 0.02999026, -0.050637342, -0.14238822;
 -0.051674843, 0.85844028, -0.51030385, 0.6959036;
 0.02816499, 0.51203603, 0.85850209, 0.59613973;
 0, 0, 0, 1]
Ow:
[0.16131185;
 -0.89836645;
 -0.16387504]
Keyframe: 43 Frame: 209 Frame from vFrameID : 210
Tcw:
[0.99793029, -0.049904931, 0.040554833, 0.12275065;
 0.021602612, 0.85417569, 0.5195356, -0.90173459;
 -0.06056834, -0.5175842, 0.85348582, -0.1442681;
 0, 0, 0, 1]
Twc:
[0.99793029, 0.021602612, -0.06056834, -0.11175486;
 -0.049904931, 0.85417569, -0.5175842, 0.70169479;
 0.040554833, 0.5195356, 0.85348582, 0.58663595;
 0, 0, 0, 1]
Ow:
[0.12275065;
 -0.90173459;
 -0.1442681]
Keyframe: 44 Frame: 214 Frame from vFrameID : 215
Tcw:
[0.99681413, -0.060443096, 0.052040964, 0.067499124;
 0.024364663, 0.85203868, 0.52291149, -0.92500579;
 -0.075947307, -0.51997757, 0.85079688, -0.10420349;
 0, 0, 0, 1]
Twc:
[0.99681413, 0.024364663, -0.075947307, -0.052660596;
 -0.060443096, 0.85203868, -0.51997757, 0.73803711;
 0.052040964, 0.52291149, 0.85079688, 0.56883943;
 0, 0, 0, 1]
Ow:
[0.067499124;
 -0.92500579;
 -0.10420349]
Keyframe: 45 Frame: 220 Frame from vFrameID : 222
Tcw:
[0.9974317, -0.054761119, 0.046165723, 0.02840138;
 0.022434939, 0.85098559, 0.5247097, -0.90696245;
 -0.068020053, -0.52232635, 0.85002851, -0.071295649;
 0, 0, 0, 1]
Twc:
[0.9974317, 0.022434939, -0.068020053, -0.012830322;
 -0.054761119, 0.85098559, -0.52232635, 0.73612761;
 0.046165723, 0.5247097, 0.85002851, 0.53518414;
 0, 0, 0, 1]
Ow:
[0.02840138;
 -0.90696245;
 -0.071295649]
Keyframe: 46 Frame: 226 Frame from vFrameID : 227
Tcw:
[0.99962169, -0.027503671, -0.00015473651, 0.0033291061;
 0.023274124, 0.84287405, 0.53760731, -0.87992442;
 -0.01465575, -0.53740752, 0.84319532, 0.03717646;
 0, 0, 0, 1]
Twc:
[0.99962169, 0.023274124, -0.01465575, 0.017696472;
 -0.027503671, 0.84287405, -0.53740752, 0.76173598;
 -0.00015473651, 0.53760731, 0.84319532, 0.44170734;
 0, 0, 0, 1]
Ow:
[0.0033291061;
 -0.87992442;
 0.03717646]
Keyframe: 47 Frame: 232 Frame from vFrameID : 233
Tcw:
[0.9995302, -0.020716792, -0.022587517, 0.064380854;
 0.029789049, 0.83003032, 0.55692214, -0.87477332;
 0.0072106831, -0.55733335, 0.83025748, 0.08908698;
 0, 0, 0, 1]
Twc:
[0.9995302, 0.029789049, 0.0072106831, -0.038934324;
 -0.020716792, 0.83003032, -0.55733335, 0.77707326;
 -0.022587517, 0.55692214, 0.83025748, 0.41466966;
 0, 0, 0, 1]
Ow:
[0.064380854;
 -0.87477332;
 0.08908698]
Keyframe: 48 Frame: 238 Frame from vFrameID : 239
Tcw:
[0.99567646, -0.09286803, 0.0019879548, 0.068990976;
 0.074693523, 0.81317586, 0.57720524, -0.9173578;
 -0.055220474, -0.57456118, 0.81659669, 0.19204962;
 0, 0, 0, 1]
Twc:
[0.99567646, 0.074693523, -0.055220474, 0.010433075;
 -0.09286803, 0.81317586, -0.57456118, 0.8627246;
 0.0019879548, 0.57720524, 0.81659669, 0.37253952;
 0, 0, 0, 1]
Ow:
[0.068990976;
 -0.9173578;
 0.19204962]
Keyframe: 49 Frame: 243 Frame from vFrameID : 244
Tcw:
[0.99137753, -0.12813811, 0.027407419, 0.054437678;
 0.083654732, 0.77989393, 0.62029618, -0.94895965;
 -0.10085846, -0.61265498, 0.7838887, 0.27324477;
 0, 0, 0, 1]
Twc:
[0.99137753, 0.083654732, -0.10085846, 0.052975714;
 -0.12813811, 0.77989393, -0.61265498, 0.91446817;
 0.027407419, 0.62029618, 0.7838887, 0.37295058;
 0, 0, 0, 1]
Ow:
[0.054437678;
 -0.94895965;
 0.27324477]
Keyframe: 50 Frame: 248 Frame from vFrameID : 251
Tcw:
[0.99433374, -0.1052365, -0.01502277, 0.057387009;
 0.092156753, 0.78291905, 0.61526, -0.96432227;
 -0.052986201, -0.61315829, 0.78818107, 0.39768112;
 0, 0, 0, 1]
Twc:
[0.99433374, 0.092156753, -0.052986201, 0.052878585;
 -0.1052365, 0.78291905, -0.61315829, 1.004867;
 -0.01502277, 0.61526, 0.78818107, 0.28072637;
 0, 0, 0, 1]
Ow:
[0.057387009;
 -0.96432227;
 0.39768112]
Keyframe: 51 Frame: 256 Frame from vFrameID : 257
Tcw:
[0.98706424, -0.16031857, 0.0014635638, 0.08768703;
 0.12395273, 0.7688899, 0.62725121, -0.9806006;
 -0.10168533, -0.61895579, 0.77881563, 0.54165184;
 0, 0, 0, 1]
Twc:
[0.98706424, 0.12395273, -0.10168533, 0.090073444;
 -0.16031857, 0.7688899, -0.61895579, 1.1032903;
 0.0014635638, 0.62725121, 0.77881563, 0.1931076;
 0, 0, 0, 1]
Ow:
[0.08768703;
 -0.9806006;
 0.54165184]
Keyframe: 52 Frame: 262 Frame from vFrameID : 263
Tcw:
[0.9810822, -0.19359156, -1.8088829e-05, 0.096346349;
 0.14537004, 0.73664373, 0.66047221, -0.98869556;
 -0.12784854, -0.64798021, 0.75085044, 0.64492834;
 0, 0, 0, 1]
Twc:
[0.9810822, 0.14537004, -0.12784854, 0.13165615;
 -0.19359156, 0.73664373, -0.64798021, 1.164869;
 -1.8088829e-05, 0.66047221, 0.75085044, 0.16876294;
 0, 0, 0, 1]
Ow:
[0.096346349;
 -0.98869556;
 0.64492834]
Keyframe: 53 Frame: 268 Frame from vFrameID : 269
Tcw:
[0.98662752, -0.14882147, -0.06647072, 0.14519814;
 0.15533862, 0.73506176, 0.65996528, -0.99872863;
 -0.049356919, -0.66146535, 0.74834985, 0.76352304;
 0, 0, 0, 1]
Twc:
[0.98662752, 0.15533862, -0.049356919, 0.049569778;
 -0.14882147, 0.73506176, -0.66146535, 1.2607799;
 -0.06647072, 0.65996528, 0.74834985, 0.097395271;
 0, 0, 0, 1]
Ow:
[0.14519814;
 -0.99872863;
 0.76352304]
Keyframe: 54 Frame: 273 Frame from vFrameID : 274
Tcw:
[0.9807685, -0.1917513, -0.03639533, 0.1346176;
 0.16742674, 0.73073912, 0.66180706, -1.0034962;
 -0.10030687, -0.65517306, 0.7487902, 0.86455458;
 0, 0, 0, 1]
Twc:
[0.9807685, 0.16742674, -0.10030687, 0.12270419;
 -0.1917513, 0.73073912, -0.65517306, 1.3255399;
 -0.03639533, 0.66180706, 0.7487902, 0.021650312;
 0, 0, 0, 1]
Ow:
[0.1346176;
 -1.0034962;
 0.86455458]
Keyframe: 55 Frame: 280 Frame from vFrameID : 281
Tcw:
[0.98148221, -0.18953064, -0.027762726, 0.14268583;
 0.15537007, 0.70290887, 0.69410324, -0.99023652;
 -0.11203916, -0.6855635, 0.71933991, 0.9956162;
 0, 0, 0, 1]
Twc:
[0.98148221, 0.15537007, -0.11203916, 0.12535748;
 -0.18953064, 0.70290887, -0.6855635, 1.4056474;
 -0.027762726, 0.69410324, 0.71933991, -0.024898818;
 0, 0, 0, 1]
Ow:
[0.14268583;
 -0.99023652;
 0.9956162]
Keyframe: 56 Frame: 288 Frame from vFrameID : 289
Tcw:
[0.98490083, -0.13979717, -0.10211301, 0.19987077;
 0.17085257, 0.68977344, 0.703578, -0.98236078;
 -0.027923375, -0.71040088, 0.70324314, 1.1203732;
 0, 0, 0, 1]
Twc:
[0.98490083, 0.17085257, -0.027923375, 0.0022705533;
 -0.13979717, 0.68977344, -0.71040088, 1.5014617;
 -0.10211301, 0.703578, 0.70324314, -0.076317959;
 0, 0, 0, 1]
Ow:
[0.19987077;
 -0.98236078;
 1.1203732]
Keyframe: 57 Frame: 291 Frame from vFrameID : 293
Tcw:
[0.97964901, -0.18486971, -0.078172944, 0.20097457;
 0.18606171, 0.69031721, 0.69917321, -0.99272037;
 -0.075291812, -0.69948936, 0.71066576, 1.1849139;
 0, 0, 0, 1]
Twc:
[0.97964901, 0.18606171, -0.075291812, 0.077037051;
 -0.18486971, 0.69031721, -0.69948936, 1.5512807;
 -0.078172944, 0.69917321, 0.71066576, -0.13228339;
 0, 0, 0, 1]
Ow:
[0.20097457;
 -0.99272037;
 1.1849139]
Keyframe: 58 Frame: 295 Frame from vFrameID : 296
Tcw:
[0.97410649, -0.21789964, -0.060302034, 0.19990194;
 0.19302607, 0.66265351, 0.72362369, -0.98451877;
 -0.11771798, -0.71652639, 0.68755537, 1.2443874;
 0, 0, 0, 1]
Twc:
[0.97410649, 0.19302607, -0.11771798, 0.14179882;
 -0.21789964, 0.66265351, -0.71652639, 1.5875899;
 -0.060302034, 0.72362369, 0.68755537, -0.13110961;
 0, 0, 0, 1]
Ow:
[0.19990194;
 -0.98451877;
 1.2443874]
Keyframe: 59 Frame: 299 Frame from vFrameID : 300
Tcw:
[0.97955763, -0.15670983, -0.12613054, 0.22627544;
 0.19953939, 0.67740792, 0.70802724, -0.97379971;
 -0.025513014, -0.71872145, 0.69482988, 1.3306465;
 0, 0, 0, 1]
Twc:
[0.97955763, 0.19953939, -0.025513014, 0.006610347;
 -0.15670983, 0.67740792, -0.71872145, 1.6514833;
 -0.12613054, 0.70802724, 0.69482988, -0.20655595;
 0, 0, 0, 1]
Ow:
[0.22627544;
 -0.97379971;
 1.3306465]
Keyframe: 60 Frame: 302 Frame from vFrameID : 303
Tcw:
[0.9773128, -0.14640734, -0.15305082, 0.24863738;
 0.21179956, 0.67290467, 0.70875967, -0.97160023;
 -0.0007789965, -0.72509599, 0.68864739, 1.369698;
 0, 0, 0, 1]
Twc:
[0.9773128, 0.21179956, -0.0007789965, -0.036144979;
 -0.14640734, 0.67290467, -0.72509599, 1.6833593;
 -0.15305082, 0.70875967, 0.68864739, -0.21655369;
 0, 0, 0, 1]
Ow:
[0.24863738;
 -0.97160023;
 1.369698]
Keyframe: 61 Frame: 307 Frame from vFrameID : 308
Tcw:
[0.97607511, -0.17842107, -0.12427122, 0.25914672;
 0.21162382, 0.64830571, 0.73137885, -0.95491743;
 -0.049927648, -0.74017942, 0.67055321, 1.4470907;
 0, 0, 0, 1]
Twc:
[0.97607511, 0.21162382, -0.049927648, 0.021386461;
 -0.17842107, 0.64830571, -0.74017942, 1.7364225;
 -0.12427122, 0.73137885, 0.67055321, -0.23974052;
 0, 0, 0, 1]
Ow:
[0.25914672;
 -0.95491743;
 1.4470907]
Keyframe: 62 Frame: 311 Frame from vFrameID : 312
Tcw:
[0.96974713, -0.23006186, -0.08162149, 0.25784418;
 0.21242778, 0.63057637, 0.74649036, -0.94966656;
 -0.12027038, -0.74124557, 0.66037112, 1.513762;
 0, 0, 0, 1]
Twc:
[0.96974713, 0.21242778, -0.12027038, 0.13375261;
 -0.23006186, 0.63057637, -0.74124557, 1.7802267;
 -0.08162149, 0.74649036, 0.66037112, -0.26968214;
 0, 0, 0, 1]
Ow:
[0.25784418;
 -0.94966656;
 1.513762]
Keyframe: 63 Frame: 315 Frame from vFrameID : 316
Tcw:
[0.96878582, -0.22325601, -0.10775352, 0.2690067;
 0.22563635, 0.61409438, 0.75629115, -0.93121392;
 -0.10267571, -0.75699723, 0.64530057, 1.5871385;
 0, 0, 0, 1]
Twc:
[0.96878582, 0.22563635, -0.10267571, 0.11246639;
 -0.22325601, 0.61409438, -0.75699723, 1.8333701;
 -0.10775352, 0.75629115, 0.64530057, -0.29092616;
 0, 0, 0, 1]
Ow:
[0.2690067;
 -0.93121392;
 1.5871385]
Keyframe: 64 Frame: 320 Frame from vFrameID : 321
Tcw:
[0.97126138, -0.18907377, -0.14457683, 0.28731984;
 0.2310002, 0.60241902, 0.76402241, -0.9188323;
 -0.057360776, -0.77546275, 0.62878239, 1.6734939;
 0, 0, 0, 1]
Twc:
[0.97126138, 0.2310002, -0.057360776, 0.02918067;
 -0.18907377, 0.60241902, -0.77546275, 1.9055789;
 -0.14457683, 0.76402241, 0.62878239, -0.30871519;
 0, 0, 0, 1]
Ow:
[0.28731984;
 -0.9188323;
 1.6734939]
Keyframe: 65 Frame: 326 Frame from vFrameID : 327
Tcw:
[0.96062839, -0.27166069, -0.058253929, 0.26788497;
 0.21154048, 0.57922161, 0.7872439, -0.91953576;
 -0.18012129, -0.76857191, 0.61388397, 1.7814897;
 0, 0, 0, 1]
Twc:
[0.96062839, 0.21154048, -0.18012129, 0.25806528;
 -0.27166069, 0.57922161, -0.76857191, 1.9745917;
 -0.058253929, 0.7872439, 0.61388397, -0.35412371;
 0, 0, 0, 1]
Ow:
[0.26788497;
 -0.91953576;
 1.7814897]
Keyframe: 66 Frame: 330 Frame from vFrameID : 331
Tcw:
[0.96156824, -0.25857177, -0.092342913, 0.26142946;
 0.22408977, 0.5447399, 0.8081103, -0.8991785;
 -0.15865164, -0.7977463, 0.58174783, 1.8406229;
 0, 0, 0, 1]
Twc:
[0.96156824, 0.22408977, -0.15865164, 0.24213231;
 -0.25857177, 0.5447399, -0.7977463, 2.0257666;
 -0.092342913, 0.8081103, 0.58174783, -0.32000184;
 0, 0, 0, 1]
Ow:
[0.26142946;
 -0.8991785;
 1.8406229]
Keyframe: 67 Frame: 336 Frame from vFrameID : 337
Tcw:
[0.97472119, -0.16452818, -0.151159, 0.26173547;
 0.21851251, 0.56090957, 0.79851907, -0.87864554;
 -0.046592362, -0.81136364, 0.58268189, 1.9466426;
 0, 0, 0, 1]
Twc:
[0.97472119, 0.21851251, -0.046592362, 0.027574604;
 -0.16452818, 0.56090957, -0.81136364, 2.1153386;
 -0.151159, 0.79851907, 0.58268189, -0.39309457;
 0, 0, 0, 1]
Ow:
[0.26173547;
 -0.87864554;
 1.9466426]
Keyframe: 68 Frame: 341 Frame from vFrameID : 342
Tcw:
[0.97237587, -0.20588666, -0.10998113, 0.25477961;
 0.20390777, 0.51991099, 0.82952648, -0.86382413;
 -0.11360804, -0.82903755, 0.54753077, 2.0320947;
 0, 0, 0, 1]
Twc:
[0.97237587, 0.20390777, -0.11360804, 0.1592612;
 -0.20588666, 0.51991099, -0.82903755, 2.1862502;
 -0.10998113, 0.82952648, 0.54753077, -0.36804858;
 0, 0, 0, 1]
Ow:
[0.25477961;
 -0.86382413;
 2.0320947]
Keyframe: 69 Frame: 346 Frame from vFrameID : 347
Tcw:
[0.96696526, -0.23993503, -0.086077869, 0.25941288;
 0.19438244, 0.475602, 0.85791504, -0.83957458;
 -0.16490506, -0.84630603, 0.50652975, 2.1054904;
 0, 0, 0, 1]
Twc:
[0.96696526, 0.19438244, -0.16490506, 0.25956139;
 -0.23993503, 0.475602, -0.84630603, 2.2434349;
 -0.086077869, 0.85791504, 0.50652975, -0.32388026;
 0, 0, 0, 1]
Ow:
[0.25941288;
 -0.83957458;
 2.1054904]
Keyframe: 70 Frame: 351 Frame from vFrameID : 352
Tcw:
[0.96940321, -0.20485006, -0.13525471, 0.28354582;
 0.21896452, 0.47255176, 0.85366821, -0.82180703;
 -0.11095913, -0.85716468, 0.50294811, 2.178834;
 0, 0, 0, 1]
Twc:
[0.96940321, 0.21896452, -0.11095913, 0.14683786;
 -0.20485006, 0.47255176, -0.85716468, 2.3140502;
 -0.13525471, 0.85366821, 0.50294811, -0.35593891;
 0, 0, 0, 1]
Ow:
[0.28354582;
 -0.82180703;
 2.178834]
Keyframe: 71 Frame: 355 Frame from vFrameID : 356
Tcw:
[0.96617496, -0.23045817, -0.11573648, 0.28428918;
 0.21050672, 0.44553164, 0.87016577, -0.80147648;
 -0.14897254, -0.86509573, 0.47897452, 2.2404394;
 0, 0, 0, 1]
Twc:
[0.96617496, 0.21050672, -0.14897254, 0.22780706;
 -0.23045817, 0.44553164, -0.86509573, 2.3607943;
 -0.11573648, 0.87016577, 0.47897452, -0.34279338;
 0, 0, 0, 1]
Ow:
[0.28428918;
 -0.80147648;
 2.2404394]
Keyframe: 72 Frame: 358 Frame from vFrameID : 359
Tcw:
[0.95547915, -0.28453952, -0.078082375, 0.28348333;
 0.19425482, 0.40743273, 0.89233607, -0.78732681;
 -0.22209154, -0.86777639, 0.44456667, 2.2881653;
 0, 0, 0, 1]
Twc:
[0.95547915, 0.19425482, -0.22209154, 0.3902618;
 -0.28453952, 0.40743273, -0.86777639, 2.3870606;
 -0.078082375, 0.89233607, 0.44456667, -0.29254681;
 0, 0, 0, 1]
Ow:
[0.28348333;
 -0.78732681;
 2.2881653]
Keyframe: 73 Frame: 362 Frame from vFrameID : 363
Tcw:
[0.96154583, -0.24826306, -0.11745265, 0.28477126;
 0.21049573, 0.39147317, 0.89579034, -0.76665533;
 -0.17641209, -0.88606668, 0.42867771, 2.3470256;
 0, 0, 0, 1]
Twc:
[0.96154583, 0.21049573, -0.17641209, 0.30160075;
 -0.24826306, 0.39147317, -0.88606668, 2.4504445;
 -0.11745265, 0.89579034, 0.42867771, -0.28590798;
 0, 0, 0, 1]
Ow:
[0.28477126;
 -0.76665533;
 2.3470256]
Keyframe: 74 Frame: 366 Frame from vFrameID : 367
Tcw:
[0.96383673, -0.20067899, -0.17534725, 0.29918194;
 0.24297555, 0.3914907, 0.88752347, -0.75105661;
 -0.1094605, -0.89803284, 0.42609319, 2.4004469;
 0, 0, 0, 1]
Twc:
[0.96383673, 0.24297555, -0.1094605, 0.15688001;
 -0.20067899, 0.3914907, -0.89803284, 2.5097516;
 -0.17534725, 0.88752347, 0.42609319, -0.30377302;
 0, 0, 0, 1]
Ow:
[0.29918194;
 -0.75105661;
 2.4004469]
Keyframe: 75 Frame: 370 Frame from vFrameID : 371
Tcw:
[0.9625383, -0.23345469, -0.13790931, 0.29199818;
 0.21877591, 0.3682099, 0.90363628, -0.7233029;
 -0.16017856, -0.89995575, 0.4054904, 2.4564505;
 0, 0, 0, 1]
Twc:
[0.9625383, 0.21877591, -0.16017856, 0.2706525;
 -0.23345469, 0.3682099, -0.89995575, 2.5451922;
 -0.13790931, 0.90363628, 0.4054904, -0.30219495;
 0, 0, 0, 1]
Ow:
[0.29199818;
 -0.7233029;
 2.4564505]
Keyframe: 76 Frame: 374 Frame from vFrameID : 375
Tcw:
[0.95673752, -0.27521652, -0.094388537, 0.29108867;
 0.18687491, 0.33261466, 0.92436206, -0.70814556;
 -0.22300471, -0.90201074, 0.36965597, 2.5061083;
 0, 0, 0, 1]
Twc:
[0.95673752, 0.18687491, -0.22300471, 0.41271311;
 -0.27521652, 0.33261466, -0.90201074, 2.5761886;
 -0.094388537, 0.92436206, 0.36965597, -0.24433962;
 0, 0, 0, 1]
Ow:
[0.29108867;
 -0.70814556;
 2.5061083]
Keyframe: 77 Frame: 380 Frame from vFrameID : 381
Tcw:
[0.96552801, -0.23046447, -0.12100315, 0.29313409;
 0.19648714, 0.34039295, 0.91952455, -0.68400192;
 -0.17072913, -0.91160232, 0.37394223, 2.5868325;
 0, 0, 0, 1]
Twc:
[0.96552801, 0.19648714, -0.17072913, 0.29301611;
 -0.23046447, 0.34039295, -0.91160232, 2.6585491;
 -0.12100315, 0.91952455, 0.37394223, -0.30289924;
 0, 0, 0, 1]
Ow:
[0.29313409;
 -0.68400192;
 2.5868325]
Keyframe: 78 Frame: 384 Frame from vFrameID : 385
Tcw:
[0.96993232, -0.21494077, -0.11415669, 0.29657021;
 0.1802405, 0.31921026, 0.93038607, -0.65844661;
 -0.1635379, -0.92298716, 0.34835339, 2.6218536;
 0, 0, 0, 1]
Twc:
[0.96993232, 0.1802405, -0.1635379, 0.25979811;
 -0.21494077, 0.31921026, -0.92298716, 2.6938648;
 -0.11415669, 0.93038607, 0.34835339, -0.26686645;
 0, 0, 0, 1]
Ow:
[0.29657021;
 -0.65844661;
 2.6218536]
Keyframe: 79 Frame: 387 Frame from vFrameID : 388
Tcw:
[0.96368939, -0.24829625, -0.09824349, 0.29565692;
 0.17572564, 0.31268498, 0.93346053, -0.64767134;
 -0.2010555, -0.91682988, 0.34496322, 2.6616175;
 0, 0, 0, 1]
Twc:
[0.96368939, 0.17572564, -0.2010555, 0.36402383;
 -0.24829625, 0.31268498, -0.91682988, 2.7161782;
 -0.09824349, 0.93346053, 0.34496322, -0.28453809;
 0, 0, 0, 1]
Ow:
[0.29565692;
 -0.64767134;
 2.6616175]
Keyframe: 80 Frame: 393 Frame from vFrameID : 394
Tcw:
[0.95523232, -0.27869108, -0.099309944, 0.29713526;
 0.18727344, 0.3097055, 0.9322077, -0.61882734;
 -0.22904111, -0.90907305, 0.34803215, 2.7148287;
 0, 0, 0, 1]
Twc:
[0.95523232, 0.18727344, -0.22904111, 0.45386419;
 -0.27869108, 0.3097055, -0.90907305, 2.7424407;
 -0.099309944, 0.9322077, 0.34803215, -0.33846357;
 0, 0, 0, 1]
Ow:
[0.29713526;
 -0.61882734;
 2.7148287]
Keyframe: 81 Frame: 397 Frame from vFrameID : 398
Tcw:
[0.96220934, -0.24749266, -0.11358088, 0.31287542;
 0.19187254, 0.32021731, 0.92771, -0.59906185;
 -0.19323084, -0.91444427, 0.3556031, 2.7411227;
 0, 0, 0, 1]
Twc:
[0.96220934, 0.19187254, -0.19323084, 0.34356129;
 -0.24749266, 0.32021731, -0.91444427, 2.7758679;
 -0.11358088, 0.92771, 0.3556031, -0.38345939;
 0, 0, 0, 1]
Ow:
[0.31287542;
 -0.59906185;
 2.7411227]
Keyframe: 82 Frame: 402 Frame from vFrameID : 403
Tcw:
[0.95405781, -0.28653625, -0.087582499, 0.32245862;
 0.18129428, 0.31933627, 0.93013799, -0.56968808;
 -0.23854999, -0.90328366, 0.35661265, 2.7827909;
 0, 0, 0, 1]
Twc:
[0.95405781, 0.18129428, -0.23854999, 0.45947179;
 -0.28653625, 0.31933627, -0.90328366, 2.7879677;
 -0.087582499, 0.93013799, 0.35661265, -0.43424818;
 0, 0, 0, 1]
Ow:
[0.32245862;
 -0.56968808;
 2.7827909]
Keyframe: 83 Frame: 408 Frame from vFrameID : 409
Tcw:
[0.93404078, -0.35055092, -0.068424217, 0.32373616;
 0.18383196, 0.3075909, 0.93359178, -0.54970694;
 -0.30622479, -0.8845914, 0.35174489, 2.8283284;
 0, 0, 0, 1]
Twc:
[0.93404078, 0.18383196, -0.30622479, 0.66477525;
 -0.35055092, 0.3075909, -0.8845914, 2.7844858;
 -0.068424217, 0.93359178, 0.35174489, -0.45949689;
 0, 0, 0, 1]
Ow:
[0.32373616;
 -0.54970694;
 2.8283284]
