Keyframe: 0 Frame: 0 Frame from vFrameID : 204
Tcw:
[1, 0, 0, 0;
 0, 1, 0, 0;
 0, 0, 1, 0;
 0, 0, 0, 1]
Twc:
[1, 0, 0, 0;
 0, 1, 0, 0;
 0, 0, 1, 0;
 0, 0, 0, 1]
Ow:
[0;
 0;
 0]
Keyframe: 1 Frame: 380 Frame from vFrameID : 204
Tcw:
[0.99972111, -0.019646987, 0.013104999, -7.0203032e-07;
 0.019580426, 0.99979484, 0.0051881131, -2.7367517e-07;
 -0.01320424, -0.0049300645, 0.99990064, 1.5631144e-07;
 0, 0, 0, 1]
Twc:
[0.99972111, 0.019580426, -0.01320424, 7.0925716e-07;
 -0.019646987, 0.99979484, -0.0049300645, 2.6059686e-07;
 0.013104999, 0.0051881131, 0.99990064, -1.4567597e-07;
 0, 0, 0, 1]
Ow:
[-7.0203032e-07;
 -2.7367517e-07;
 1.5631144e-07]
Keyframe: 2 Frame: 383 Frame from vFrameID : 206
Tcw:
[0.99969804, -0.020543622, 0.013484626, -6.5685538e-07;
 0.020450834, 0.99976647, 0.0069832075, -4.3247195e-07;
 -0.013624937, -0.006705327, 0.99988467, 2.2132697e-07;
 0, 0, 0, 1]
Twc:
[0.99969804, 0.020450834, -0.013624937, 6.6851692e-07;
 -0.020543622, 0.99976647, -0.006705327, 4.2036083e-07;
 0.013484626, 0.0069832075, 0.99988467, -2.0942397e-07;
 0, 0, 0, 1]
Ow:
[-6.5685538e-07;
 -4.3247195e-07;
 2.2132697e-07]
Keyframe: 3 Frame: 386 Frame from vFrameID : 208
Tcw:
[0.99971068, -0.021405555, 0.01096831, -4.0280094e-07;
 0.021303235, 0.99972922, 0.0093621425, -6.4507981e-07;
 -0.011165742, -0.0091257738, 0.99989599, 3.0046971e-07;
 0, 0, 0, 1]
Twc:
[0.99971068, 0.021303235, -0.011165742, 4.1978168e-07;
 -0.021405555, 0.99972922, -0.0091257738, 6.3902496e-07;
 0.01096831, 0.0093621425, 0.99989599, -2.899811e-07;
 0, 0, 0, 1]
Ow:
[-4.0280094e-07;
 -6.4507981e-07;
 3.0046971e-07]
Keyframe: 4 Frame: 389 Frame from vFrameID : 211
Tcw:
[0.99962854, -0.026256885, 0.0073072775, 2.4748738e-07;
 0.026171833, 0.99959129, 0.011501385, -7.2727261e-07;
 -0.0076062814, -0.011305868, 0.99990714, 3.7078743e-07;
 0, 0, 0, 1]
Twc:
[0.99962854, 0.026171833, -0.0076062814, -2.2554104e-07;
 -0.026256885, 0.99959129, -0.011305868, 7.3766574e-07;
 0.0073072775, 0.011501385, 0.99990714, -3.6419684e-07;
 0, 0, 0, 1]
Ow:
[2.4748738e-07;
 -7.2727261e-07;
 3.7078743e-07]
Keyframe: 5 Frame: 392 Frame from vFrameID : 214
Tcw:
[0.99965537, -0.026112137, 0.0027078462, 8.8089593e-07;
 0.026074529, 0.99957412, 0.01310101, -7.9437183e-07;
 -0.0030487883, -0.013025888, 0.99991053, 4.061946e-07;
 0, 0, 0, 1]
Twc:
[0.99965537, 0.026074529, -0.0030487883, -8.5864104e-07;
 -0.026112137, 0.99957412, -0.013025888, 8.2232668e-07;
 0.0027078462, 0.01310101, 0.99991053, -3.9813651e-07;
 0, 0, 0, 1]
Ow:
[8.8089593e-07;
 -7.9437183e-07;
 4.061946e-07]
Keyframe: 6 Frame: 395 Frame from vFrameID : 217
Tcw:
[0.99972534, -0.023262374, -0.0028389853, 1.5168368e-06;
 0.023299489, 0.99963289, 0.013827208, -7.4849476e-07;
 0.0025162892, -0.013889559, 0.99990034, 4.5429874e-07;
 0, 0, 0, 1]
Twc:
[0.99972534, 0.023299489, 0.0025162892, -1.500124e-06;
 -0.023262374, 0.99963289, -0.013889559, 7.898152e-07;
 -0.0028389853, 0.013827208, 0.99990034, -4.3959761e-07;
 0, 0, 0, 1]
Ow:
[1.5168368e-06;
 -7.4849476e-07;
 4.5429874e-07]
Keyframe: 7 Frame: 405 Frame from vFrameID : 399
Tcw:
[0.9994396, -0.013045858, -0.030826729, 3.7089374e-06;
 0.0133833, 0.99985248, 0.010765555, -4.9603057e-07;
 0.030681735, -0.011172086, 0.99946678, 6.1202417e-07;
 0, 0, 0, 1]
Twc:
[0.9994396, 0.0133833, 0.030681735, -3.7189982e-06;
 -0.013045858, 0.99985248, -0.011172086, 5.5118119e-07;
 -0.030826729, 0.010765555, 0.99946678, -4.9202333e-07;
 0, 0, 0, 1]
Ow:
[3.7089374e-06;
 -4.9603057e-07;
 6.1202417e-07]
Keyframe: 8 Frame: 413 Frame from vFrameID : 402
Tcw:
[0.99819583, -0.009997109, -0.05920412, 5.7244597e-06;
 0.010657754, 0.99988431, 0.01085351, -4.685138e-07;
 0.059088767, -0.011464912, 0.99818689, 7.7635355e-07;
 0, 0, 0, 1]
Twc:
[0.99819583, 0.010657754, 0.059088767, -5.7550128e-06;
 -0.009997109, 0.99988431, -0.011464912, 5.3458848e-07;
 -0.05920412, 0.01085351, 0.99818689, -4.3094929e-07;
 0, 0, 0, 1]
Ow:
[5.7244597e-06;
 -4.685138e-07;
 7.7635355e-07]
Keyframe: 9 Frame: 421 Frame from vFrameID : 406
Tcw:
[0.99545586, -0.0054900162, -0.095065579, 7.8609228e-06;
 0.0063121067, 0.99994522, 0.0083490601, -4.1495099e-07;
 0.095014535, -0.008911185, 0.99543601, 9.5767075e-07;
 0, 0, 0, 1]
Twc:
[0.99545586, 0.0063121067, 0.095014535, -7.9135752e-06;
 -0.0054900162, 0.99994522, -0.008911185, 4.6661881e-07;
 -0.095065579, 0.0083490601, 0.99543601, -2.0253229e-07;
 0, 0, 0, 1]
Ow:
[7.8609228e-06;
 -4.1495099e-07;
 9.5767075e-07]
Keyframe: 10 Frame: 430 Frame from vFrameID : 410
Tcw:
[0.99088252, -0.0066997288, -0.13456203, 9.7328611e-06;
 0.00701534, 0.99997365, 0.0018714477, -1.4491417e-07;
 0.13454595, -0.0027983831, 0.99090338, 1.1942756e-06;
 0, 0, 0, 1]
Twc:
[0.99088252, 0.00701534, 0.13454595, -9.8037908e-06;
 -0.0066997288, 0.99997365, -0.0027983831, 2.1345993e-07;
 -0.13456203, 0.0018714477, 0.99090338, 1.2653315e-07;
 0, 0, 0, 1]
Ow:
[9.7328611e-06;
 -1.4491417e-07;
 1.1942756e-06]
Keyframe: 11 Frame: 439 Frame from vFrameID : 414
Tcw:
[0.98447537, -0.0089657027, -0.17529358, 1.1460902e-05;
 0.010016479, 0.99993676, 0.0051105144, -3.8482969e-07;
 0.17523667, -0.0067870002, 0.98450297, 1.3723848e-06;
 0, 0, 0, 1]
Twc:
[0.98447537, 0.010016479, 0.17523667, -1.1519614e-05;
 -0.0089657027, 0.99993676, -0.0067870002, 4.968748e-07;
 -0.17529358, 0.0051105144, 0.98450297, 6.5987228e-07;
 0, 0, 0, 1]
Ow:
[1.1460902e-05;
 -3.8482969e-07;
 1.3723848e-06]
Keyframe: 12 Frame: 447 Frame from vFrameID : 418
Tcw:
[0.97825146, -0.0079176547, -0.20727135, 1.4102012e-05;
 0.0089960517, 0.99995047, 0.0042607831, -2.449882e-07;
 0.20722735, -0.0060327412, 0.97827423, 1.922275e-06;
 0, 0, 0, 1]
Twc:
[0.97825146, 0.0089960517, 0.20722735, -1.4191457e-05;
 -0.0079176547, 0.99995047, -0.0060327412, 3.6822752e-07;
 -0.20727135, 0.0042607831, 0.97827423, 1.0434746e-06;
 0, 0, 0, 1]
Ow:
[1.4102012e-05;
 -2.449882e-07;
 1.922275e-06]
Keyframe: 13 Frame: 451 Frame from vFrameID : 422
Tcw:
[0.97530454, -0.00013428924, -0.22086439, 1.5349849e-05;
 0.002387112, 0.99994779, 0.0099331494, -4.4484622e-07;
 0.22085153, -0.010215074, 0.97525394, 2.2102963e-06;
 0, 0, 0, 1]
Twc:
[0.97530454, 0.002387112, 0.22085153, -1.5457863e-05;
 -0.00013428924, 0.99994779, -0.010215074, 4.6946266e-07;
 -0.22086439, 0.0099331494, 0.97525394, 1.2390535e-06;
 0, 0, 0, 1]
Ow:
[1.5349849e-05;
 -4.4484622e-07;
 2.2102963e-06]
Keyframe: 14 Frame: 456 Frame from vFrameID : 427
Tcw:
[0.97158563, 0.0010828545, -0.23668574, 1.688556e-05;
 0.0023670846, 0.9998951, 0.014291382, -5.054539e-07;
 0.23667638, -0.014445557, 0.97148114, 2.539583e-06;
 0, 0, 0, 1]
Twc:
[0.97158563, 0.0023670846, 0.23667638, -1.7005632e-05;
 0.0010828545, 0.9998951, -0.014445557, 5.2380199e-07;
 -0.23668574, 0.014291382, 0.97148114, 1.5366383e-06;
 0, 0, 0, 1]
Ow:
[1.688556e-05;
 -5.054539e-07;
 2.539583e-06]
