Keyframe: 0 Frame: 0 Frame from vFrameID : 224
Tcw:
[1, 0, 0, 0;
 0, 1, 0, 0;
 0, 0, 1, 0;
 0, 0, 0, 1]
Twc:
[1, 0, 0, 0;
 0, 1, 0, 0;
 0, 0, 1, 0;
 0, 0, 0, 1]
Ow:
[0;
 0;
 0]
Keyframe: 1 Frame: 642 Frame from vFrameID : 224
Tcw:
[0.99831814, -0.048202269, 0.032210231, 0.014337271;
 0.049338635, 0.99815214, -0.035468679, 0.027190099;
 -0.030441038, 0.036998235, 0.9988516, 0.011051477;
 0, 0, 0, 1]
Twc:
[0.99831814, 0.049338635, -0.030441038, -0.015318261;
 -0.048202269, 0.99815214, 0.036998235, -0.026857652;
 0.032210231, -0.035468679, 0.9988516, -0.010536195;
 0, 0, 0, 1]
Ow:
[0.014337271;
 0.027190099;
 0.011051477]
