Keyframe: 0 Frame: 0 Frame from vFrameID : 224
Tcw:
[1, 0, 0, 0;
 0, 1, 0, 0;
 0, 0, 1, 0;
 0, 0, 0, 1]
Twc:
[1, 0, 0, 0;
 0, 1, 0, 0;
 0, 0, 1, 0;
 0, 0, 0, 1]
Ow:
[0;
 0;
 0]
Keyframe: 1 Frame: 223 Frame from vFrameID : 224
Tcw:
[0.99854398, 0.019501999, -0.050295606, 0.0042063552;
 -0.019361617, 0.99980718, 0.0032768936, -0.00028179458;
 0.050349813, -0.0022983181, 0.99872899, 0.0014454405;
 0, 0, 0, 1]
Twc:
[0.99854398, -0.019361617, 0.050349813, -0.0042784642;
 0.019501999, 0.99980718, -0.0022983181, 0.00020302999;
 -0.050295606, 0.0032768936, 0.99872899, -0.0012311187;
 0, 0, 0, 1]
Ow:
[0.0042063552;
 -0.00028179458;
 0.0014454405]
Keyframe: 2 Frame: 229 Frame from vFrameID : 230
Tcw:
[0.99673009, 0.042980414, -0.068424314, 0.0058552185;
 -0.044071771, 0.99892288, -0.01452031, -0.0010582221;
 0.067726523, 0.01748842, 0.99755067, 0.0032152536;
 0, 0, 0, 1]
Twc:
[0.99673009, -0.044071771, 0.067726523, -0.0061004674;
 0.042980414, 0.99892288, 0.01748842, 0.00074919284;
 -0.068424314, -0.01452031, 0.99755067, -0.0028221046;
 0, 0, 0, 1]
Ow:
[0.0058552185;
 -0.0010582221;
 0.0032152536]
Keyframe: 3 Frame: 234 Frame from vFrameID : 233
Tcw:
[0.99722338, 0.046944503, -0.057807971, 0.0080099851;
 -0.047473051, 0.99884206, -0.0078032841, -0.00075777725;
 0.057374708, 0.010525944, 0.99829721, 0.0036307871;
 0, 0, 0, 1]
Twc:
[0.99722338, -0.047473051, 0.057374708, -0.0082320338;
 0.046944503, 0.99884206, 0.010525944, 0.00034265753;
 -0.057807971, -0.0078032841, 0.99829721, -0.003167477;
 0, 0, 0, 1]
Ow:
[0.0080099851;
 -0.00075777725;
 0.0036307871]
Keyframe: 4 Frame: 249 Frame from vFrameID : 235
Tcw:
[0.99002749, 0.044065561, -0.13380505, 0.0079280809;
 -0.046602815, 0.99878716, -0.015888439, -0.00077525043;
 0.13294262, 0.021965694, 0.99088031, 0.0037764311;
 0, 0, 0, 1]
Twc:
[0.99002749, -0.046602815, 0.13294262, -0.0083871959;
 0.044065561, 0.99878716, 0.021965694, 0.0003420029;
 -0.13380505, -0.015888439, 0.99088031, -0.0026934915;
 0, 0, 0, 1]
Ow:
[0.0079280809;
 -0.00077525043;
 0.0037764311]
Keyframe: 5 Frame: 261 Frame from vFrameID : 238
Tcw:
[0.99788517, 0.0091913752, -0.064347923, 0.0080145663;
 -0.0077777323, 0.99972367, 0.022184886, -0.00077011163;
 0.064534046, -0.021637492, 0.9976809, 0.0037554055;
 0, 0, 0, 1]
Twc:
[0.99788517, -0.0077777323, 0.064534046, -0.0082459589;
 0.0091913752, 0.99972367, -0.021637492, 0.00077749143;
 -0.064347923, 0.022184886, 0.9976809, -0.0032138908;
 0, 0, 0, 1]
Ow:
[0.0080145663;
 -0.00077011163;
 0.0037554055]
Keyframe: 6 Frame: 273 Frame from vFrameID : 241
Tcw:
[0.99869055, 0.039680127, -0.032291178, 0.0079684407;
 -0.039215021, 0.99911958, 0.014911779, -0.00077322556;
 0.032854456, -0.013625958, 0.99936724, 0.0037906615;
 0, 0, 0, 1]
Twc:
[0.99869055, -0.039215021, 0.032854456, -0.0081128683;
 0.039680127, 0.99911958, -0.013625958, 0.00050800736;
 -0.032291178, 0.014911779, 0.99936724, -0.0035194226;
 0, 0, 0, 1]
Ow:
[0.0079684407;
 -0.00077322556;
 0.0037906615]
Keyframe: 7 Frame: 287 Frame from vFrameID : 244
Tcw:
[0.99819839, 0.059501495, 0.0077180611, 0.007937328;
 -0.05954447, 0.99821079, 0.0054633673, -0.00077615713;
 -0.0073791705, -0.0059130886, 0.9999553, 0.0037886205;
 0, 0, 0, 1]
Twc:
[0.99819839, -0.05954447, -0.0073791705, -0.007941287;
 0.059501495, 0.99821079, -0.0059130886, 0.00032488792;
 0.0077180611, 0.0054633673, 0.9999553, -0.0038454714;
 0, 0, 0, 1]
Ow:
[0.007937328;
 -0.00077615713;
 0.0037886205]
Keyframe: 8 Frame: 300 Frame from vFrameID : 247
Tcw:
[0.99810225, 0.060467739, 0.011643758, 0.008190738;
 -0.060582504, 0.99811542, 0.00976968, -0.00099906162;
 -0.011031066, -0.010456541, 0.99988449, 0.004696548;
 0, 0, 0, 1]
Twc:
[0.99810225, -0.060582504, -0.011031066, -0.0081839105;
 0.060467739, 0.99811542, -0.010456541, 0.00055101316;
 0.011643758, 0.00976968, 0.99988449, -0.0047816159;
 0, 0, 0, 1]
Ow:
[0.008190738;
 -0.00099906162;
 0.004696548]
Keyframe: 9 Frame: 312 Frame from vFrameID : 313
Tcw:
[0.99838912, 0.051267061, 0.024308292, 0.006473795;
 -0.051855493, 0.99836069, 0.024228157, 0.0022346412;
 -0.023026332, -0.025449654, 0.99941081, 0.0065240106;
 0, 0, 0, 1]
Twc:
[0.99838912, -0.051855493, -0.023026332, -0.0061972635;
 0.051267061, 0.99836069, -0.025449654, -0.0023968366;
 0.024308292, 0.024228157, 0.99941081, -0.0067316755;
 0, 0, 0, 1]
Ow:
[0.006473795;
 0.0022346412;
 0.0065240106]
Keyframe: 10 Frame: 325 Frame from vFrameID : 326
Tcw:
[0.99656385, 0.077257141, 0.029863026, 0.012017624;
 -0.077525839, 0.99695873, 0.0079454649, 0.00012119947;
 -0.029158356, -0.010233331, 0.99952239, 0.010099202;
 0, 0, 0, 1]
Twc:
[0.99656385, -0.077525839, -0.029158356, -0.011672457;
 0.077257141, 0.99695873, -0.010233331, -0.00094592961;
 0.029863026, 0.0079454649, 0.99952239, -0.010454224;
 0, 0, 0, 1]
Ow:
[0.012017624;
 0.00012119947;
 0.010099202]
Keyframe: 11 Frame: 341 Frame from vFrameID : 342
Tcw:
[0.99609196, 0.087830313, 0.0093066627, 0.010726482;
 -0.087939963, 0.99605215, 0.012112161, 0.011202025;
 -0.008206103, -0.012883253, 0.99988335, 0.019667434;
 0, 0, 0, 1]
Twc:
[0.99609196, -0.087939963, -0.008206103, -0.0095380638;
 0.087830313, 0.99605215, -0.012883253, -0.01184653;
 0.0093066627, 0.012112161, 0.99988335, -0.019900646;
 0, 0, 0, 1]
Ow:
[0.010726482;
 0.011202025;
 0.019667434]
Keyframe: 12 Frame: 353 Frame from vFrameID : 354
Tcw:
[0.99840885, 0.054446921, -0.014672544, 0.011522756;
 -0.054576632, 0.99847269, -0.0085899616, 0.00475966;
 0.014182435, 0.0093770698, 0.99985546, 0.018740118;
 0, 0, 0, 1]
Twc:
[0.99840885, -0.054576632, 0.014182435, -0.011510435;
 0.054446921, 0.99847269, 0.0093770698, -0.0055554956;
 -0.014672544, -0.0085899616, 0.99985546, -0.018527456;
 0, 0, 0, 1]
Ow:
[0.011522756;
 0.00475966;
 0.018740118]
Keyframe: 13 Frame: 366 Frame from vFrameID : 367
Tcw:
[0.99753416, 0.06255614, -0.031818312, 0.017537916;
 -0.062879719, 0.99797809, -0.009271712, 0.017020049;
 0.031173978, 0.011249574, 0.99945068, 0.022265496;
 0, 0, 0, 1]
Twc:
[0.99753416, -0.062879719, 0.031173978, -0.017118556;
 0.06255614, 0.99797809, 0.011249574, -0.018333215;
 -0.031818312, -0.009271712, 0.99945068, -0.021537432;
 0, 0, 0, 1]
Ow:
[0.017537916;
 0.017020049;
 0.022265496]
Keyframe: 14 Frame: 383 Frame from vFrameID : 384
Tcw:
[0.99578971, 0.076635681, -0.050296512, 0.026438836;
 -0.077244326, 0.99695933, -0.010268284, 0.015121656;
 0.049356651, 0.014110184, 0.99868155, -0.013512775;
 0, 0, 0, 1]
Twc:
[0.99578971, -0.077244326, 0.049356651, -0.024492515;
 0.076635681, 0.99695933, 0.014110184, -0.016911168;
 -0.050296512, -0.010268284, 0.99868155, 0.014980014;
 0, 0, 0, 1]
Ow:
[0.026438836;
 0.015121656;
 -0.013512775]
