Keyframe: 0 Frame: 0 Frame from vFrameID : 224
Tcw:
[1, 0, 0, 0;
 0, 1, 0, 0;
 0, 0, 1, 0;
 0, 0, 0, 1]
Twc:
[1, 0, 0, 0;
 0, 1, 0, 0;
 0, 0, 1, 0;
 0, 0, 0, 1]
Ow:
[0;
 0;
 0]
Keyframe: 1 Frame: 676 Frame from vFrameID : 224
Tcw:
[0.99757528, -0.04569358, -0.052494209, -0.014176395;
 0.048008613, 0.99788964, 0.043720186, -0.020911742;
 0.050385695, -0.046134353, 0.99766374, 0.025226435;
 0, 0, 0, 1]
Twc:
[0.99757528, 0.048008613, 0.050385695, 0.013874914;
 -0.04569358, 0.99788964, -0.046134353, 0.021383647;
 -0.052494209, 0.043720186, 0.99766374, -0.024997413;
 0, 0, 0, 1]
Ow:
[-0.014176395;
 -0.020911742;
 0.025226435]
