Keyframe: 0 Frame: 0 Frame from vFrameID : 224
Tcw:
[1, 0, 0, 0;
 0, 1, 0, 0;
 0, 0, 1, 0;
 0, 0, 0, 1]
Twc:
[1, 0, 0, 0;
 0, 1, 0, 0;
 0, 0, 1, 0;
 0, 0, 0, 1]
Ow:
[0;
 0;
 0]
Keyframe: 1 Frame: 547 Frame from vFrameID : 224
Tcw:
[0.9993819, 0.034731351, -0.0054383124, 0.0071217208;
 -0.034912631, 0.99867398, -0.037834536, 0.033527188;
 0.0041170567, 0.03800102, 0.99926925, 0.02380266;
 0, 0, 0, 1]
Twc:
[0.9993819, -0.034912631, 0.0041170567, -0.0060447934;
 0.034731351, 0.99867398, 0.03800102, -0.034634601;
 -0.0054383124, -0.037834536, 0.99926925, -0.02247805;
 0, 0, 0, 1]
Ow:
[0.0071217208;
 0.033527188;
 0.02380266]
