Keyframe: 0 Frame: 0 Frame from vFrameID : 224
Tcw:
[1, 0, 0, 0;
 0, 1, 0, 0;
 0, 0, 1, 0;
 0, 0, 0, 1]
Twc:
[1, 0, 0, 0;
 0, 1, 0, 0;
 0, 0, 1, 0;
 0, 0, 0, 1]
Ow:
[0;
 0;
 0]
Keyframe: 1 Frame: 605 Frame from vFrameID : 224
Tcw:
[0.99926239, -0.029158641, 0.024989964, -0.00043282728;
 0.02895413, 0.99954456, 0.0085068811, 0.023625551;
 -0.025226632, -0.0077770436, 0.99965149, 0.031852338;
 0, 0, 0, 1]
Twc:
[0.99926239, 0.02895413, -0.025226632, 0.00055197801;
 -0.029158641, 0.99954456, -0.0077770436, -0.023379693;
 0.024989964, 0.0085068811, 0.99965149, -0.032031402;
 0, 0, 0, 1]
Ow:
[-0.00043282728;
 0.023625551;
 0.031852338]
