Keyframe: 0 Frame: 0 Frame from vFrameID : 268
Tcw:
[1, 0, 0, 0;
 0, 1, 0, 0;
 0, 0, 1, 0;
 0, 0, 0, 1]
Twc:
[1, 0, 0, 0;
 0, 1, 0, 0;
 0, 0, 1, 0;
 0, 0, 0, 1]
Ow:
[0;
 0;
 0]
Keyframe: 1 Frame: 265 Frame from vFrameID : 268
Tcw:
[0.99997413, 0.0030040434, -0.0065394226, -0.0029751663;
 -0.0030642918, 0.99995279, -0.0092226434, -0.011208176;
 0.0065114088, 0.0092424434, 0.9999361, 0.010497929;
 0, 0, 0, 1]
Twc:
[0.99997413, -0.0030642918, 0.0065114088, 0.0028723876;
 0.0030040434, 0.99995279, 0.0092424434, 0.011119558;
 -0.0065394226, -0.0092226434, 0.9999361, -0.010620083;
 0, 0, 0, 1]
Ow:
[-0.0029751663;
 -0.011208176;
 0.010497929]
Keyframe: 2 Frame: 268 Frame from vFrameID : 269
Tcw:
[0.99870276, 0.049965598, -0.0098112924, -0.0014033497;
 -0.049762964, 0.99856251, 0.019912286, -0.047250271;
 0.010792118, -0.019398214, 0.99975359, 0.069028176;
 0, 0, 0, 1]
Twc:
[0.99870276, -0.049762964, 0.010792118, -0.0016947447;
 0.049965598, 0.99856251, -0.019398214, 0.048591495;
 -0.0098112924, 0.019912286, 0.99975359, -0.068084076;
 0, 0, 0, 1]
Ow:
[-0.0014033497;
 -0.047250271;
 0.069028176]
Keyframe: 3 Frame: 271 Frame from vFrameID : 272
Tcw:
[0.99972147, 0.020037623, 0.012470663, 0.0031161434;
 -0.020167276, 0.99974293, 0.010359222, -0.08585301;
 -0.012259883, -0.010607836, 0.99986857, 0.12847282;
 0, 0, 0, 1]
Twc:
[0.99972147, -0.020167276, -0.012259883, -0.0032716349;
 0.020037623, 0.99974293, -0.010607836, 0.087131314;
 0.012470663, 0.010359222, 0.99986857, -0.12760542;
 0, 0, 0, 1]
Ow:
[0.0031161434;
 -0.08585301;
 0.12847282]
Keyframe: 4 Frame: 273 Frame from vFrameID : 274
Tcw:
[0.99977148, -0.00076224306, 0.021365058, -0.00019899593;
 0.00030723133, 0.99977326, 0.021292202, -0.10861067;
 -0.021376442, -0.021280773, 0.99954498, 0.16454628;
 0, 0, 0, 1]
Twc:
[0.99977148, 0.00030723133, -0.021376442, 0.0037497331;
 -0.00076224306, 0.99977326, -0.021280773, 0.11208756;
 0.021365058, 0.021292202, 0.99954498, -0.1621546;
 0, 0, 0, 1]
Ow:
[-0.00019899593;
 -0.10861067;
 0.16454628]
Keyframe: 5 Frame: 275 Frame from vFrameID : 277
Tcw:
[0.99984622, 0.0082254065, 0.015489811, 0.0010029329;
 -0.0085349772, 0.99976301, 0.020026524, -0.13271065;
 -0.015321414, -0.02015565, 0.99967945, 0.19879045;
 0, 0, 0, 1]
Twc:
[0.99984622, -0.0085349772, -0.015321414, 0.00091028982;
 0.0082254065, 0.99976301, -0.02015565, 0.1366777;
 0.015489811, 0.020026524, 0.99967945, -0.19608453;
 0, 0, 0, 1]
Ow:
[0.0010029329;
 -0.13271065;
 0.19879045]
Keyframe: 6 Frame: 278 Frame from vFrameID : 279
Tcw:
[0.99936372, 0.035296787, 0.0051221396, 0.014328345;
 -0.035323303, 0.99936253, 0.0051823105, -0.17576458;
 -0.0049359556, -0.005359944, 0.99997348, 0.24236204;
 0, 0, 0, 1]
Twc:
[0.99936372, -0.035323303, -0.0049359556, -0.019331526;
 0.035296787, 0.99936253, -0.005359944, 0.17644581;
 0.0051221396, 0.0051823105, 0.99997348, -0.24151812;
 0, 0, 0, 1]
Ow:
[0.014328345;
 -0.17576458;
 0.24236204]
Keyframe: 7 Frame: 281 Frame from vFrameID : 282
Tcw:
[0.99842393, 0.056098036, -0.0016220262, 0.0093928827;
 -0.056055926, 0.99823767, 0.019476004, -0.20089513;
 0.0027117331, -0.019354384, 0.99980903, 0.28970715;
 0, 0, 0, 1]
Twc:
[0.99842393, -0.056055926, 0.0027117331, -0.021425052;
 0.056098036, 0.99823767, -0.019354384, 0.20562126;
 -0.0016220262, 0.019476004, 0.99980903, -0.28572395;
 0, 0, 0, 1]
Ow:
[0.0093928827;
 -0.20089513;
 0.28970715]
Keyframe: 8 Frame: 284 Frame from vFrameID : 285
Tcw:
[0.99933904, 0.033886999, 0.01315819, 0.0036459221;
 -0.034126408, 0.99924779, 0.018417705, -0.23627147;
 -0.012524172, -0.018854573, 0.99974382, 0.3504166;
 0, 0, 0, 1]
Twc:
[0.99933904, -0.034126408, -0.012524172, -0.0073179323;
 0.033886999, 0.99924779, -0.018854573, 0.24257717;
 0.01315819, 0.018417705, 0.99974382, -0.3460232;
 0, 0, 0, 1]
Ow:
[0.0036459221;
 -0.23627147;
 0.3504166]
Keyframe: 9 Frame: 288 Frame from vFrameID : 289
Tcw:
[0.99881369, 0.04558944, 0.017112147, -0.0037702397;
 -0.04619598, 0.99825048, 0.036903415, -0.27327758;
 -0.015399803, -0.037650149, 0.99917233, 0.42629212;
 0, 0, 0, 1]
Twc:
[0.99881369, -0.04619598, -0.015399803, -0.0022937451;
 0.04558944, 0.99825048, -0.037650149, 0.28902134;
 0.017112147, 0.036903415, 0.99917233, -0.41578987;
 0, 0, 0, 1]
Ow:
[-0.0037702397;
 -0.27327758;
 0.42629212]
Keyframe: 10 Frame: 291 Frame from vFrameID : 292
Tcw:
[0.99774414, 0.067085095, 0.0024858527, -0.0061959852;
 -0.067130663, 0.99719197, 0.033190962, -0.30444151;
 -0.00025225352, -0.033282965, 0.99944592, 0.46968085;
 0, 0, 0, 1]
Twc:
[0.99774414, -0.067130663, -0.00025225352, -0.014136874;
 0.067085095, 0.99719197, -0.033282965, 0.31963468;
 0.0024858527, 0.033190962, 0.99944592, -0.45930052;
 0, 0, 0, 1]
Ow:
[-0.0061959852;
 -0.30444151;
 0.46968085]
Keyframe: 11 Frame: 294 Frame from vFrameID : 295
Tcw:
[0.99596238, 0.089729033, 0.0027563544, -0.013610074;
 -0.089756794, 0.99477816, 0.048581593, -0.33512548;
 0.0016172184, -0.048632842, 0.99881542, 0.5220027;
 0, 0, 0, 1]
Twc:
[0.99596238, -0.089756794, 0.0016172184, -0.017368859;
 0.089729033, 0.99477816, -0.048632842, 0.35998321;
 0.0027563544, 0.048581593, 0.99881542, -0.50506592;
 0, 0, 0, 1]
Ow:
[-0.013610074;
 -0.33512548;
 0.5220027]
Keyframe: 12 Frame: 298 Frame from vFrameID : 299
Tcw:
[0.99874306, 0.040900797, 0.028972376, -0.014977537;
 -0.041873433, 0.99855101, 0.033800129, -0.37655443;
 -0.027547944, -0.03497082, 0.9990086, 0.58883834;
 0, 0, 0, 1]
Twc:
[0.99874306, -0.041873433, -0.027547944, 0.015412369;
 0.040900797, 0.99855101, -0.03497082, 0.39721358;
 0.028972376, 0.033800129, 0.9990086, -0.57509303;
 0, 0, 0, 1]
Ow:
[-0.014977537;
 -0.37655443;
 0.58883834]
Keyframe: 13 Frame: 302 Frame from vFrameID : 303
Tcw:
[0.99643826, 0.084149793, 0.0054431632, -0.015638698;
 -0.084293105, 0.99576968, 0.036571283, -0.41144052;
 -0.0023426714, -0.036899846, 0.99931622, 0.65756387;
 0, 0, 0, 1]
Twc:
[0.99643826, -0.084293105, -0.0023426714, -0.017558146;
 0.084149793, 0.99576968, -0.036899846, 0.43527997;
 0.0054431632, 0.036571283, 0.99931622, -0.6419822;
 0, 0, 0, 1]
Ow:
[-0.015638698;
 -0.41144052;
 0.65756387]
Keyframe: 14 Frame: 306 Frame from vFrameID : 307
Tcw:
[0.9934364, 0.1136081, -0.013316391, -0.017685935;
 -0.11283734, 0.99241501, 0.048786934, -0.44804919;
 0.018757977, -0.046964131, 0.99872041, 0.71461362;
 0, 0, 0, 1]
Twc:
[0.9934364, -0.11283734, 0.018757977, -0.046391528;
 0.1136081, 0.99241501, -0.046964131, 0.48022121;
 -0.013316391, 0.048786934, 0.99872041, -0.69207579;
 0, 0, 0, 1]
Ow:
[-0.017685935;
 -0.44804919;
 0.71461362]
Keyframe: 15 Frame: 310 Frame from vFrameID : 311
Tcw:
[0.99813747, 0.056799725, 0.022256432, -0.01781329;
 -0.057657391, 0.99753469, 0.040002275, -0.48177117;
 -0.019929444, -0.041211016, 0.99895167, 0.78038883;
 0, 0, 0, 1]
Twc:
[0.99813747, -0.057657391, -0.019929444, 0.0055551603;
 0.056799725, 0.99753469, -0.041211016, 0.51375586;
 0.022256432, 0.040002275, 0.99895167, -0.75990236;
 0, 0, 0, 1]
Ow:
[-0.01781329;
 -0.48177117;
 0.78038883]
Keyframe: 16 Frame: 314 Frame from vFrameID : 315
Tcw:
[0.9979434, 0.062525883, 0.014122793, -0.015211499;
 -0.063008659, 0.99733382, 0.03681254, -0.51881915;
 -0.011783403, -0.037626691, 0.9992224, 0.84046841;
 0, 0, 0, 1]
Twc:
[0.9979434, -0.063008659, -0.011783403, -0.0076063029;
 0.062525883, 0.99733382, -0.037626691, 0.55001104;
 0.014122793, 0.03681254, 0.9992224, -0.82050097;
 0, 0, 0, 1]
Ow:
[-0.015211499;
 -0.51881915;
 0.84046841]
Keyframe: 17 Frame: 320 Frame from vFrameID : 321
Tcw:
[0.99401659, 0.10857641, -0.011926621, -0.017507602;
 -0.1079314, 0.99311447, 0.045545839, -0.567384;
 0.016789705, -0.04398606, 0.99889106, 0.92557782;
 0, 0, 0, 1]
Twc:
[0.99401659, -0.1079314, 0.016789705, -0.05937589;
 0.10857641, 0.99311447, -0.04398606, 0.60609078;
 -0.011926621, 0.045545839, 0.99889106, -0.89891821;
 0, 0, 0, 1]
Ow:
[-0.017507602;
 -0.567384;
 0.92557782]
Keyframe: 18 Frame: 324 Frame from vFrameID : 325
Tcw:
[0.99816155, 0.06035063, 0.0056002568, -0.021950003;
 -0.060566284, 0.99668133, 0.05438773, -0.59753114;
 -0.0022993376, -0.054626927, 0.99850416, 0.98524094;
 0, 0, 0, 1]
Twc:
[0.99816155, -0.060566284, -0.0022993376, -0.012015187;
 0.06035063, 0.99668133, -0.054626927, 0.65069354;
 0.0056002568, 0.05438773, 0.99850416, -0.95114595;
 0, 0, 0, 1]
Ow:
[-0.021950003;
 -0.59753114;
 0.98524094]
Keyframe: 19 Frame: 330 Frame from vFrameID : 331
Tcw:
[0.99371082, 0.11028159, -0.019410066, -0.023928581;
 -0.1091041, 0.99257255, 0.053814877, -0.64960843;
 0.025200689, -0.051358711, 0.99836224, 1.0702072;
 0, 0, 0, 1]
Twc:
[0.99371082, -0.1091041, 0.025200689, -0.07406681;
 0.11028159, 0.99257255, -0.051358711, 0.7023868;
 -0.019410066, 0.053814877, 0.99836224, -1.0339603;
 0, 0, 0, 1]
Ow:
[-0.023928581;
 -0.64960843;
 1.0702072]
Keyframe: 20 Frame: 335 Frame from vFrameID : 337
Tcw:
[0.99399334, 0.10798212, -0.01780705, -0.034635328;
 -0.10709859, 0.99324065, 0.04475417, -0.68703276;
 0.022519335, -0.042578239, 0.99883932, 1.1441368;
 0, 0, 0, 1]
Twc:
[0.99399334, -0.10709859, 0.022519335, -0.064918168;
 0.10798212, 0.99324065, -0.042578239, 0.73484421;
 -0.01780705, 0.04475417, 0.99883932, -1.1126781;
 0, 0, 0, 1]
Ow:
[-0.034635328;
 -0.68703276;
 1.1441368]
Keyframe: 21 Frame: 341 Frame from vFrameID : 342
Tcw:
[0.99495035, 0.098971747, -0.016686205, -0.043438394;
 -0.098140128, 0.9941594, 0.044895679, -0.73693174;
 0.021032151, -0.043031383, 0.99885231, 1.2308166;
 0, 0, 0, 1]
Twc:
[0.99495035, -0.098140128, 0.021032151, -0.054990258;
 0.098971747, 0.9941594, -0.043031383, 0.78989059;
 -0.016686205, 0.044895679, 0.99885231, -1.1970439;
 0, 0, 0, 1]
Ow:
[-0.043438394;
 -0.73693174;
 1.2308166]
Keyframe: 22 Frame: 348 Frame from vFrameID : 349
Tcw:
[0.99383259, 0.11017713, -0.012560171, -0.055744126;
 -0.10932371, 0.99245751, 0.055465229, -0.79299307;
 0.018576436, -0.053750027, 0.99838161, 1.3308698;
 0, 0, 0, 1]
Twc:
[0.99383259, -0.10932371, 0.018576436, -0.056015424;
 0.11017713, 0.99245751, -0.053750027, 0.86468792;
 -0.012560171, 0.055465229, 0.99838161, -1.2854326;
 0, 0, 0, 1]
Ow:
[-0.055744126;
 -0.79299307;
 1.3308698]
Keyframe: 23 Frame: 352 Frame from vFrameID : 353
Tcw:
[0.99633962, 0.085284889, -0.0058181314, -0.057340641;
 -0.084795833, 0.99465054, 0.05899106, -0.82330143;
 0.010818054, -0.058281779, 0.99824154, 1.3889753;
 0, 0, 0, 1]
Twc:
[0.99633962, -0.084795833, 0.010818054, -0.027707785;
 0.085284889, 0.99465054, -0.058281779, 0.90473944;
 -0.0058181314, 0.05899106, 0.99824154, -1.338299;
 0, 0, 0, 1]
Ow:
[-0.057340641;
 -0.82330143;
 1.3889753]
Keyframe: 24 Frame: 357 Frame from vFrameID : 358
Tcw:
[0.99086291, 0.13300885, -0.022346593, -0.058522411;
 -0.13133186, 0.98922914, 0.064635031, -0.86418581;
 0.030702932, -0.061109632, 0.99765873, 1.4511722;
 0, 0, 0, 1]
Twc:
[0.99086291, -0.13133186, 0.030702932, -0.10006268;
 0.13300885, 0.98922914, -0.061109632, 0.95134234;
 -0.022346593, 0.064635031, 0.99765873, -1.3932258;
 0, 0, 0, 1]
Ow:
[-0.058522411;
 -0.86418581;
 1.4511722]
Keyframe: 25 Frame: 362 Frame from vFrameID : 363
Tcw:
[0.99593991, 0.08856114, -0.016143292, -0.074151509;
 -0.087443218, 0.99434704, 0.060230285, -0.90317249;
 0.021386096, -0.058574121, 0.99805397, 1.5199181;
 0, 0, 0, 1]
Twc:
[0.99593991, -0.087443218, 0.021386096, -0.037630972;
 0.08856114, 0.99434704, -0.058574121, 0.99366164;
 -0.016143292, 0.060230285, 0.99805397, -1.4637589;
 0, 0, 0, 1]
Ow:
[-0.074151509;
 -0.90317249;
 1.5199181]
Keyframe: 26 Frame: 368 Frame from vFrameID : 369
Tcw:
[0.98945975, 0.13947892, -0.038922623, -0.076556161;
 -0.13721851, 0.98897254, 0.055716589, -0.94798827;
 0.046264697, -0.049788423, 0.9976877, 1.5958433;
 0, 0, 0, 1]
Twc:
[0.98945975, -0.13721851, 0.046264697, -0.1281635;
 0.13947892, 0.98897254, -0.049788423, 1.0276669;
 -0.038922623, 0.055716589, 0.9976877, -1.5423142;
 0, 0, 0, 1]
Ow:
[-0.076556161;
 -0.94798827;
 1.5958433]
Keyframe: 27 Frame: 373 Frame from vFrameID : 374
Tcw:
[0.98839796, 0.14814636, -0.033498507, -0.078187138;
 -0.14610189, 0.98763019, 0.056928217, -0.98165751;
 0.041517846, -0.051373541, 0.99781615, 1.6554568;
 0, 0, 0, 1]
Twc:
[0.98839796, -0.14610189, 0.041517846, -0.13487302;
 0.14814636, 0.98763019, -0.051373541, 1.0661445;
 -0.033498507, 0.056928217, 0.99781615, -1.5985765;
 0, 0, 0, 1]
Ow:
[-0.078187138;
 -0.98165751;
 1.6554568]
Keyframe: 28 Frame: 379 Frame from vFrameID : 380
Tcw:
[0.98799783, 0.14798242, -0.044289164, -0.091542706;
 -0.14476533, 0.98707855, 0.068694934, -1.0206312;
 0.053882524, -0.061458912, 0.99665415, 1.7312324;
 0, 0, 0, 1]
Twc:
[0.98799783, -0.14476533, 0.053882524, -0.15059118;
 0.14798242, 0.98707855, -0.061458912, 1.1273894;
 -0.044289164, 0.068694934, 0.99665415, -1.6593821;
 0, 0, 0, 1]
Ow:
[-0.091542706;
 -1.0206312;
 1.7312324]
Keyframe: 29 Frame: 384 Frame from vFrameID : 385
Tcw:
[0.98073554, 0.18579042, -0.060329605, -0.10234459;
 -0.18172234, 0.98105651, 0.067120157, -1.0584223;
 0.071657032, -0.054863885, 0.99591929, 1.7910007;
 0, 0, 0, 1]
Twc:
[0.98073554, -0.18172234, 0.071657032, -0.22030377;
 0.18579042, 0.98105651, -0.054863885, 1.1556479;
 -0.060329605, 0.067120157, 0.99591929, -1.7188251;
 0, 0, 0, 1]
Ow:
[-0.10234459;
 -1.0584223;
 1.7910007]
Keyframe: 30 Frame: 390 Frame from vFrameID : 391
Tcw:
[0.99062896, 0.12840146, -0.046554632, -0.11610929;
 -0.12497032, 0.98966342, 0.070347548, -1.0963852;
 0.055106144, -0.06387037, 0.99643558, 1.8659533;
 0, 0, 0, 1]
Twc:
[0.99062896, -0.12497032, 0.055106144, -0.12481988;
 0.12840146, 0.98966342, -0.06387037, 1.2191401;
 -0.046554632, 0.070347548, 0.99643558, -1.7875798;
 0, 0, 0, 1]
Ow:
[-0.11610929;
 -1.0963852;
 1.8659533]
Keyframe: 31 Frame: 395 Frame from vFrameID : 397
Tcw:
[0.98080939, 0.18144822, -0.07134068, -0.12309487;
 -0.17696573, 0.98207802, 0.064853109, -1.1302625;
 0.081829593, -0.050983682, 0.99534142, 1.9164274;
 0, 0, 0, 1]
Twc:
[0.98080939, -0.17696573, 0.081829593, -0.23610561;
 0.18144822, 0.98207802, -0.050983682, 1.2300478;
 -0.07134068, 0.064853109, 0.99534142, -1.8429803;
 0, 0, 0, 1]
Ow:
[-0.12309487;
 -1.1302625;
 1.9164274]
Keyframe: 32 Frame: 401 Frame from vFrameID : 402
Tcw:
[0.98850393, 0.14398131, -0.046144392, -0.12674694;
 -0.14022918, 0.9871791, 0.076244026, -1.1642567;
 0.056530494, -0.068896726, 0.99602085, 1.9872438;
 0, 0, 0, 1]
Twc:
[0.98850393, -0.14022918, 0.056530494, -0.15031281;
 0.14398131, 0.9871791, -0.068896726, 1.3044938;
 -0.046144392, 0.076244026, 0.99602085, -1.8964173;
 0, 0, 0, 1]
Ow:
[-0.12674694;
 -1.1642567;
 1.9872438]
Keyframe: 33 Frame: 408 Frame from vFrameID : 409
Tcw:
[0.97518456, 0.20709985, -0.078260742, -0.13366616;
 -0.2009021, 0.97632009, 0.080233335, -1.2109699;
 0.093023844, -0.062519565, 0.99369907, 2.0688334;
 0, 0, 0, 1]
Twc:
[0.97518456, -0.2009021, 0.093023844, -0.30538809;
 0.20709985, 0.97632009, -0.062519565, 1.3393191;
 -0.078260742, 0.080233335, 0.99369907, -1.9690984;
 0, 0, 0, 1]
Ow:
[-0.13366616;
 -1.2109699;
 2.0688334]
Keyframe: 34 Frame: 414 Frame from vFrameID : 415
Tcw:
[0.9852857, 0.15519692, -0.071596503, -0.14470787;
 -0.14905064, 0.98521799, 0.084436126, -1.245535;
 0.083642386, -0.072522201, 0.99385333, 2.133707;
 0, 0, 0, 1]
Twc:
[0.9852857, -0.14905064, 0.083642386, -0.22153756;
 0.15519692, 0.98521799, -0.072522201, 1.4043229;
 -0.071596503, 0.084436126, 0.99385333, -2.0257845;
 0, 0, 0, 1]
Ow:
[-0.14470787;
 -1.245535;
 2.133707]
Keyframe: 35 Frame: 421 Frame from vFrameID : 422
Tcw:
[0.96790195, 0.22815488, -0.10540953, -0.148644;
 -0.21980473, 0.97182024, 0.085154511, -1.2857405;
 0.12186754, -0.0592517, 0.99077624, 2.210043;
 0, 0, 0, 1]
Twc:
[0.96790195, -0.21980473, 0.12186754, -0.40807152;
 0.22815488, 0.97182024, -0.0592517, 1.4143714;
 -0.10540953, 0.085154511, 0.99077624, -2.0958397;
 0, 0, 0, 1]
Ow:
[-0.148644;
 -1.2857405;
 2.210043]
Keyframe: 36 Frame: 429 Frame from vFrameID : 430
Tcw:
[0.97178012, 0.20951426, -0.1083845, -0.15589868;
 -0.20109724, 0.97599596, 0.08361689, -1.3331451;
 0.12330177, -0.059461404, 0.99058622, 2.3046846;
 0, 0, 0, 1]
Twc:
[0.97178012, -0.20109724, 0.12330177, -0.40076429;
 0.20951426, 0.97599596, -0.059461404, 1.470847;
 -0.1083845, 0.08361689, 0.99058622, -2.1884124;
 0, 0, 0, 1]
Ow:
[-0.15589868;
 -1.3331451;
 2.3046846]
Keyframe: 37 Frame: 435 Frame from vFrameID : 437
Tcw:
[0.96657115, 0.22750138, -0.1182513, -0.171938;
 -0.21827637, 0.97208858, 0.08601892, -1.3736401;
 0.13452016, -0.057331938, 0.9892509, 2.3721542;
 0, 0, 0, 1]
Twc:
[0.96657115, -0.21827637, 0.13452016, -0.45274541;
 0.22750138, 0.97208858, -0.057331938, 1.510416;
 -0.1182513, 0.08601892, 0.9892509, -2.2488286;
 0, 0, 0, 1]
Ow:
[-0.171938;
 -1.3736401;
 2.3721542]
Keyframe: 38 Frame: 441 Frame from vFrameID : 442
Tcw:
[0.96998596, 0.2162119, -0.11126386, -0.18404582;
 -0.20574275, 0.97364795, 0.098384954, -1.4087371;
 0.12960383, -0.072540291, 0.98890889, 2.4349544;
 0, 0, 0, 1]
Twc:
[0.96998596, -0.20574275, 0.12960383, -0.42689502;
 0.2162119, 0.97364795, -0.072540291, 1.5880392;
 -0.11126386, 0.098384954, 0.98890889, -2.2898271;
 0, 0, 0, 1]
Ow:
[-0.18404582;
 -1.4087371;
 2.4349544]
Keyframe: 39 Frame: 447 Frame from vFrameID : 448
Tcw:
[0.95762628, 0.2589151, -0.12615429, -0.20361298;
 -0.24717496, 0.96364349, 0.10146781, -1.4478925;
 0.14783931, -0.06598606, 0.98680764, 2.4974329;
 0, 0, 0, 1]
Twc:
[0.95762628, -0.24717496, 0.14783931, -0.53211641;
 0.2589151, 0.96364349, -0.06598606, 1.6127665;
 -0.12615429, 0.10146781, 0.98680764, -2.3432581;
 0, 0, 0, 1]
Ow:
[-0.20361298;
 -1.4478925;
 2.4974329]
Keyframe: 40 Frame: 452 Frame from vFrameID : 453
Tcw:
[0.96415681, 0.23851648, -0.11623909, -0.22417516;
 -0.2254723, 0.96744519, 0.11494382, -1.4809273;
 0.13987094, -0.084615178, 0.98654771, 2.5475397;
 0, 0, 0, 1]
Twc:
[0.96415681, -0.2254723, 0.13987094, -0.47409484;
 0.23851648, 0.96744519, -0.084615178, 1.701746;
 -0.11623909, 0.11494382, 0.98654771, -2.3691039;
 0, 0, 0, 1]
Ow:
[-0.22417516;
 -1.4809273;
 2.5475397]
Keyframe: 41 Frame: 458 Frame from vFrameID : 459
Tcw:
[0.94591516, 0.2922928, -0.14074583, -0.25173047;
 -0.27512488, 0.95266163, 0.12939154, -1.5223548;
 0.17190336, -0.083670743, 0.98155409, 2.6029947;
 0, 0, 0, 1]
Twc:
[0.94591516, -0.27512488, 0.17190336, -0.62818557;
 0.2922928, 0.95266163, -0.083670743, 1.7416624;
 -0.14074583, 0.12939154, 0.98155409, -2.3934302;
 0, 0, 0, 1]
Ow:
[-0.25173047;
 -1.5223548;
 2.6029947]
Keyframe: 42 Frame: 463 Frame from vFrameID : 464
Tcw:
[0.96010095, 0.25274077, -0.11970074, -0.26766515;
 -0.23815441, 0.96330881, 0.12376821, -1.5543255;
 0.14659005, -0.090322718, 0.98506504, 2.65323;
 0, 0, 0, 1]
Twc:
[0.96010095, -0.23815441, 0.14659005, -0.50212103;
 0.25274077, 0.96330881, -0.090322718, 1.8045924;
 -0.11970074, 0.12376821, 0.98506504, -2.4532678;
 0, 0, 0, 1]
Ow:
[-0.26766515;
 -1.5543255;
 2.65323]
Keyframe: 43 Frame: 468 Frame from vFrameID : 469
Tcw:
[0.93807846, 0.30969319, -0.15523832, -0.28710747;
 -0.28916359, 0.94677734, 0.14141087, -1.5803913;
 0.19077012, -0.087765224, 0.97770345, 2.7105987;
 0, 0, 0, 1]
Twc:
[0.93807846, -0.28916359, 0.19077012, -0.70476341;
 0.30969319, 0.94677734, -0.087765224, 1.8230902;
 -0.15523832, 0.14141087, 0.97770345, -2.4712472;
 0, 0, 0, 1]
Ow:
[-0.28710747;
 -1.5803913;
 2.7105987]
Keyframe: 44 Frame: 472 Frame from vFrameID : 473
Tcw:
[0.93366814, 0.32059011, -0.1596428, -0.30269596;
 -0.30262974, 0.94460773, 0.12700962, -1.6062253;
 0.19151786, -0.07027217, 0.97897023, 2.7568417;
 0, 0, 0, 1]
Twc:
[0.93366814, -0.30262974, 0.19151786, -0.73145837;
 0.32059011, 0.94460773, -0.07027217, 1.8080235;
 -0.1596428, 0.12700962, 0.97897023, -2.5431831;
 0, 0, 0, 1]
Ow:
[-0.30269596;
 -1.6062253;
 2.7568417]
Keyframe: 45 Frame: 477 Frame from vFrameID : 478
Tcw:
[0.93973708, 0.3044979, -0.15548408, -0.32231471;
 -0.28474328, 0.94875532, 0.13705695, -1.6332374;
 0.1892499, -0.084524445, 0.97828424, 2.8087671;
 0, 0, 0, 1]
Twc:
[0.93973708, -0.28474328, 0.1892499, -0.69372118;
 0.3044979, 0.94875532, -0.084524445, 1.8850962;
 -0.15548408, 0.13705695, 0.97828424, -2.5740409;
 0, 0, 0, 1]
Ow:
[-0.32231471;
 -1.6332374;
 2.8087671]
Keyframe: 46 Frame: 480 Frame from vFrameID : 481
Tcw:
[0.92540365, 0.3355532, -0.17615946, -0.33380684;
 -0.31214282, 0.93846005, 0.14785005, -1.651246;
 0.21493016, -0.081834063, 0.97319484, 2.8420789;
 0, 0, 0, 1]
Twc:
[0.92540365, -0.31214282, 0.21493016, -0.81736696;
 0.3355532, 0.93846005, -0.081834063, 1.8942171;
 -0.17615946, 0.14785005, 0.97319484, -2.5805631;
 0, 0, 0, 1]
Ow:
[-0.33380684;
 -1.651246;
 2.8420789]
Keyframe: 47 Frame: 484 Frame from vFrameID : 485
Tcw:
[0.91274357, 0.36187148, -0.1896001, -0.35446647;
 -0.3363862, 0.92907166, 0.1538512, -1.6734638;
 0.23182644, -0.07664784, 0.96973276, 2.8863988;
 0, 0, 0, 1]
Twc:
[0.91274357, -0.3363862, 0.23182644, -0.90853667;
 0.36187148, 0.92907166, -0.07664784, 1.9042754;
 -0.1896001, 0.1538512, 0.96973276, -2.6087778;
 0, 0, 0, 1]
Ow:
[-0.35446647;
 -1.6734638;
 2.8863988]
Keyframe: 48 Frame: 488 Frame from vFrameID : 489
Tcw:
[0.92723954, 0.33106837, -0.17498726, -0.37276381;
 -0.30521068, 0.93890297, 0.15908392, -1.6965431;
 0.21696371, -0.094100915, 0.97163355, 2.9271979;
 0, 0, 0, 1]
Twc:
[0.92723954, -0.30521068, 0.21696371, -0.80725735;
 0.33106837, 0.93890297, -0.094100915, 1.9917514;
 -0.17498726, 0.15908392, 0.97163355, -2.6394999;
 0, 0, 0, 1]
Ow:
[-0.37276381;
 -1.6965431;
 2.9271979]
Keyframe: 49 Frame: 492 Frame from vFrameID : 493
Tcw:
[0.91520774, 0.35004115, -0.19966459, -0.38898456;
 -0.32362324, 0.93366104, 0.15344383, -1.7169974;
 0.24013071, -0.075816885, 0.96777529, 2.9689713;
 0, 0, 0, 1]
Twc:
[0.91520774, -0.32362324, 0.24013071, -0.91259974;
 0.35004115, 0.93366104, -0.075816885, 1.9643524;
 -0.19966459, 0.15344383, 0.96777529, -2.6875007;
 0, 0, 0, 1]
Ow:
[-0.38898456;
 -1.7169974;
 2.9689713]
Keyframe: 50 Frame: 497 Frame from vFrameID : 498
Tcw:
[0.89600527, 0.38919434, -0.21378097, -0.39811158;
 -0.35232553, 0.91614151, 0.19118427, -1.7434852;
 0.27026144, -0.095981613, 0.95799077, 3.0141709;
 0, 0, 0, 1]
Twc:
[0.89600527, -0.35232553, 0.27026144, -1.0721786;
 0.38919434, 0.91614151, -0.095981613, 2.0415273;
 -0.21378097, 0.19118427, 0.95799077, -2.6393297;
 0, 0, 0, 1]
Ow:
[-0.39811158;
 -1.7434852;
 3.0141709]
Keyframe: 51 Frame: 501 Frame from vFrameID : 502
Tcw:
[0.90664297, 0.36603466, -0.20980252, -0.41267669;
 -0.32397354, 0.92256778, 0.20954673, -1.7633746;
 0.2702584, -0.12201361, 0.9550252, 3.0500147;
 0, 0, 0, 1]
Twc:
[0.90664297, -0.32397354, 0.2702584, -1.0214285;
 0.36603466, 0.92256778, -0.12201361, 2.1500299;
 -0.20980252, 0.20954673, 0.9550252, -2.6299119;
 0, 0, 0, 1]
Ow:
[-0.41267669;
 -1.7633746;
 3.0500147]
Keyframe: 52 Frame: 505 Frame from vFrameID : 507
Tcw:
[0.89200687, 0.38811931, -0.23170494, -0.42127562;
 -0.34575492, 0.91602939, 0.20333154, -1.782922;
 0.29116544, -0.10126001, 0.95129865, 3.0867867;
 0, 0, 0, 1]
Twc:
[0.89200687, -0.34575492, 0.29116544, -1.1394389;
 0.38811931, 0.91602939, -0.10126001, 2.1092823;
 -0.23170494, 0.20333154, 0.95129865, -2.6715434;
 0, 0, 0, 1]
Ow:
[-0.42127562;
 -1.782922;
 3.0867867]
Keyframe: 53 Frame: 510 Frame from vFrameID : 511
Tcw:
[0.88297814, 0.40108705, -0.24388282, -0.43992573;
 -0.3549847, 0.91048294, 0.21214776, -1.8070486;
 0.30714086, -0.10074717, 0.9463163, 3.1260645;
 0, 0, 0, 1]
Twc:
[0.88297814, -0.3549847, 0.30714086, -1.213172;
 0.40108705, 0.91048294, -0.10074717, 2.1366777;
 -0.24388282, 0.21214776, 0.9463163, -2.6821747;
 0, 0, 0, 1]
Ow:
[-0.43992573;
 -1.8070486;
 3.1260645]
Keyframe: 54 Frame: 514 Frame from vFrameID : 515
Tcw:
[0.90154648, 0.37469205, -0.21637881, -0.45436609;
 -0.33026451, 0.91899872, 0.21532926, -1.8186803;
 0.27953401, -0.1226671, 0.95226759, 3.1561496;
 0, 0, 0, 1]
Twc:
[0.90154648, -0.33026451, 0.27953401, -1.0732647;
 0.37469205, 0.91899872, -0.1226671, 2.2287681;
 -0.21637881, 0.21532926, 0.95226759, -2.712199;
 0, 0, 0, 1]
Ow:
[-0.45436609;
 -1.8186803;
 3.1561496]
Keyframe: 55 Frame: 520 Frame from vFrameID : 521
Tcw:
[0.86140233, 0.44126949, -0.25152984, -0.4774459;
 -0.38924298, 0.89164209, 0.23122354, -1.8400759;
 0.32630646, -0.10127028, 0.93982363, 3.1996875;
 0, 0, 0, 1]
Twc:
[0.86140233, -0.38924298, 0.32630646, -1.3490424;
 0.44126949, 0.89164209, -0.10127028, 2.1754045;
 -0.25152984, 0.23122354, 0.93982363, -2.7017648;
 0, 0, 0, 1]
Ow:
[-0.4774459;
 -1.8400759;
 3.1996875]
Keyframe: 56 Frame: 525 Frame from vFrameID : 527
Tcw:
[0.86843824, 0.43282172, -0.2418272, -0.49330735;
 -0.38419059, 0.89577562, 0.22357017, -1.8565419;
 0.31338894, -0.10124914, 0.94421184, 3.2346182;
 0, 0, 0, 1]
Twc:
[0.86843824, -0.38419059, 0.31338894, -1.2985524;
 0.43282172, 0.89577562, -0.10124914, 2.2040613;
 -0.2418272, 0.22357017, 0.94421184, -2.7583926;
 0, 0, 0, 1]
Ow:
[-0.49330735;
 -1.8565419;
 3.2346182]
Keyframe: 57 Frame: 531 Frame from vFrameID : 532
Tcw:
[0.84525406, 0.46771905, -0.2584269, -0.52278328;
 -0.40903163, 0.8775112, 0.25033414, -1.8737407;
 0.34385857, -0.10589115, 0.9330318, 3.2738168;
 0, 0, 0, 1]
Twc:
[0.84525406, -0.40903163, 0.34385857, -1.4502646;
 0.46771905, 0.8775112, -0.10589115, 2.2354126;
 -0.2584269, 0.25033414, 0.9330318, -2.7206151;
 0, 0, 0, 1]
Ow:
[-0.52278328;
 -1.8737407;
 3.2738168]
Keyframe: 58 Frame: 537 Frame from vFrameID : 538
Tcw:
[0.84322327, 0.47483379, -0.25200674, -0.54982996;
 -0.41660759, 0.87349814, 0.2518712, -1.8924466;
 0.33972439, -0.10739572, 0.93437332, 3.3182175;
 0, 0, 0, 1]
Twc:
[0.84322327, -0.41660759, 0.33972439, -1.4520576;
 0.47483379, 0.87349814, -0.10739572, 2.270489;
 -0.25200674, 0.2518712, 0.93437332, -2.762362;
 0, 0, 0, 1]
Ow:
[-0.54982996;
 -1.8924466;
 3.3182175]
Keyframe: 59 Frame: 542 Frame from vFrameID : 543
Tcw:
[0.84191626, 0.471356, -0.26267949, -0.57359499;
 -0.41022933, 0.8753438, 0.25590056, -1.9012361;
 0.35055512, -0.10768802, 0.93033028, 3.3598216;
 0, 0, 0, 1]
Twc:
[0.84191626, -0.41022933, 0.35055512, -1.4748265;
 0.471356, 0.8753438, -0.10768802, 2.2964151;
 -0.26267949, 0.25590056, 0.93033028, -2.7898879;
 0, 0, 0, 1]
Ow:
[-0.57359499;
 -1.9012361;
 3.3598216]
Keyframe: 60 Frame: 548 Frame from vFrameID : 549
Tcw:
[0.82336903, 0.50048506, -0.26754096, -0.59880084;
 -0.43613014, 0.85967803, 0.26597789, -1.9175348;
 0.36311704, -0.10231525, 0.92610884, 3.4021416;
 0, 0, 0, 1]
Twc:
[0.82336903, -0.43613014, 0.36311704, -1.5786361;
 0.50048506, 0.85967803, -0.10231525, 2.2962444;
 -0.26754096, 0.26597789, 0.92610884, -2.8009353;
 0, 0, 0, 1]
Ow:
[-0.59880084;
 -1.9175348;
 3.4021416]
Keyframe: 61 Frame: 553 Frame from vFrameID : 554
Tcw:
[0.83095539, 0.4919636, -0.25977874, -0.61957389;
 -0.4258588, 0.86293387, 0.27200994, -1.9274015;
 0.35799086, -0.11539907, 0.92656654, 3.4385667;
 0, 0, 0, 1]
Twc:
[0.83095539, -0.4258588, 0.35799086, -1.536938;
 0.4919636, 0.86293387, -0.11539907, 2.3648353;
 -0.25977874, 0.27200994, 0.92656654, -2.8227406;
 0, 0, 0, 1]
Ow:
[-0.61957389;
 -1.9274015;
 3.4385667]
Keyframe: 62 Frame: 557 Frame from vFrameID : 558
Tcw:
[0.78014535, 0.55488855, -0.28891501, -0.63754213;
 -0.47452164, 0.82581568, 0.30472565, -1.9366071;
 0.40767929, -0.10063387, 0.90756291, 3.4673557;
 0, 0, 0, 1]
Twc:
[0.78014535, -0.47452164, 0.40767929, -1.8351557;
 0.55488855, 0.82581568, -0.10063387, 2.3019788;
 -0.28891501, 0.30472565, 0.90756291, -2.740905;
 0, 0, 0, 1]
Ow:
[-0.63754213;
 -1.9366071;
 3.4673557]
Keyframe: 63 Frame: 561 Frame from vFrameID : 562
Tcw:
[0.76058853, 0.56549257, -0.31894088, -0.66163206;
 -0.48302129, 0.82113421, 0.30402142, -1.940556;
 0.43381512, -0.077179946, 0.89769018, 3.4996159;
 0, 0, 0, 1]
Twc:
[0.76058853, -0.48302129, 0.43381512, -1.9522864;
 0.56549257, 0.82113421, -0.077179946, 2.2377052;
 -0.31894088, 0.30402142, 0.89769018, -2.7626219;
 0, 0, 0, 1]
Ow:
[-0.66163206;
 -1.940556;
 3.4996159]
Keyframe: 64 Frame: 567 Frame from vFrameID : 568
Tcw:
[0.73494148, 0.59275728, -0.32939303, -0.68692654;
 -0.50677842, 0.80284494, 0.31403118, -1.9532492;
 0.45059583, -0.063865252, 0.8904407, 3.5446911;
 0, 0, 0, 1]
Twc:
[0.73494148, -0.50677842, 0.45059583, -2.0822368;
 0.59275728, 0.80284494, -0.063865252, 2.2017198;
 -0.32939303, 0.31403118, 0.8904407, -2.7692246;
 0, 0, 0, 1]
Ow:
[-0.68692654;
 -1.9532492;
 3.5446911]
Keyframe: 65 Frame: 572 Frame from vFrameID : 573
Tcw:
[0.71111691, 0.61956704, -0.33233929, -0.70937943;
 -0.52019846, 0.78165078, 0.34411567, -1.9631977;
 0.472976, -0.071824096, 0.87814295, 3.5791845;
 0, 0, 0, 1]
Twc:
[0.71111691, -0.52019846, 0.472976, -2.2096689;
 0.61956704, 0.78165078, -0.071824096, 2.2311149;
 -0.33233929, 0.34411567, 0.87814295, -2.703223;
 0, 0, 0, 1]
Ow:
[-0.70937943;
 -1.9631977;
 3.5791845]
Keyframe: 66 Frame: 577 Frame from vFrameID : 578
Tcw:
[0.71852034, 0.61319005, -0.32821718, -0.72976315;
 -0.51466948, 0.78618562, 0.34209272, -1.9714885;
 0.4678075, -0.076877214, 0.88048059, 3.6134138;
 0, 0, 0, 1]
Twc:
[0.71852034, -0.51466948, 0.4678075, -2.1806974;
 0.61319005, 0.78618562, -0.076877214, 2.2752287;
 -0.32821718, 0.34209272, 0.88048059, -2.7466292;
 0, 0, 0, 1]
Ow:
[-0.72976315;
 -1.9714885;
 3.6134138]
Keyframe: 67 Frame: 581 Frame from vFrameID : 582
Tcw:
[0.64497775, 0.64375943, -0.41179794, -0.72550464;
 -0.54768002, 0.76519346, 0.33841622, -1.9730439;
 0.53296375, 0.0072625922, 0.84610695, 3.6575251;
 0, 0, 0, 1]
Twc:
[0.64497775, -0.54768002, 0.53296375, -2.5619905;
 0.64375943, 0.76519346, 0.0072625922, 1.9502478;
 -0.41179794, 0.33841622, 0.84610695, -2.7257082;
 0, 0, 0, 1]
Ow:
[-0.72550464;
 -1.9730439;
 3.6575251]
Keyframe: 68 Frame: 588 Frame from vFrameID : 589
Tcw:
[0.61978668, 0.64548677, -0.44633093, -0.74601138;
 -0.5557937, 0.76256597, 0.33103853, -1.9830327;
 0.55403775, 0.042894661, 0.83138573, 3.7213309;
 0, 0, 0, 1]
Twc:
[0.61978668, -0.5557937, 0.55403775, -2.7015471;
 0.64548677, 0.76256597, 0.042894661, 1.8341086;
 -0.44633093, 0.33103853, 0.83138573, -2.7703691;
 0, 0, 0, 1]
Ow:
[-0.74601138;
 -1.9830327;
 3.7213309]
Keyframe: 69 Frame: 593 Frame from vFrameID : 594
Tcw:
[0.55108505, 0.6827175, -0.47979376, -0.77019644;
 -0.5885039, 0.72561997, 0.35656527, -1.9949235;
 0.59158128, 0.085862704, 0.80166024, 3.7485304;
 0, 0, 0, 1]
Twc:
[0.55108505, -0.5885039, 0.59158128, -2.9671371;
 0.6827175, 0.72561997, 0.085862704, 1.6515242;
 -0.47979376, 0.35656527, 0.80166024, -2.6632628;
 0, 0, 0, 1]
Ow:
[-0.77019644;
 -1.9949235;
 3.7485304]
Keyframe: 70 Frame: 599 Frame from vFrameID : 600
Tcw:
[0.50250787, 0.71342444, -0.48837632, -0.78898442;
 -0.59774971, 0.69480354, 0.39992908, -2.01757;
 0.62464476, 0.090959296, 0.77559352, 3.7721524;
 0, 0, 0, 1]
Twc:
[0.50250787, -0.59774971, 0.62464476, -3.1657867;
 0.71342444, 0.69480354, 0.090959296, 1.6215833;
 -0.48837632, 0.39992908, 0.77559352, -2.5040934;
 0, 0, 0, 1]
Ow:
[-0.78898442;
 -2.01757;
 3.7721524]
Keyframe: 71 Frame: 605 Frame from vFrameID : 607
Tcw:
[0.60792589, 0.68094158, -0.40834382, -0.80830705;
 -0.59733671, 0.73104852, 0.32978317, -1.9811431;
 0.5230822, 0.043435022, 0.85117471, 3.7134686;
 0, 0, 0, 1]
Twc:
[0.60792589, -0.59733671, 0.5230822, -2.6344681;
 0.68094158, 0.73104852, 0.043435022, 1.8374269;
 -0.40834382, 0.32978317, 0.85117471, -2.8375301;
 0, 0, 0, 1]
Ow:
[-0.80830705;
 -1.9811431;
 3.7134686]
Keyframe: 72 Frame: 611 Frame from vFrameID : 612
Tcw:
[0.60205662, 0.68659544, -0.40757155, -0.81450832;
 -0.60319149, 0.72555679, 0.3312512, -1.9820646;
 0.52315187, 0.046411712, 0.8509748, 3.7190666;
 0, 0, 0, 1]
Twc:
[0.60205662, -0.60319149, 0.52315187, -2.650821;
 0.68659544, 0.72555679, 0.046411712, 1.8247297;
 -0.40757155, 0.3312512, 0.8509748, -2.840241;
 0, 0, 0, 1]
Ow:
[-0.81450832;
 -1.9820646;
 3.7190666]
Keyframe: 73 Frame: 617 Frame from vFrameID : 618
Tcw:
[0.62177944, 0.66980648, -0.40589353, -0.82035089;
 -0.58829063, 0.74154997, 0.32251793, -1.9836969;
 0.51701492, 0.038248334, 0.85512143, 3.7242911;
 0, 0, 0, 1]
Twc:
[0.62177944, -0.58829063, 0.51701492, -2.5824268;
 0.66980648, 0.74154997, 0.038248334, 1.8780386;
 -0.40589353, 0.32251793, 0.85512143, -2.8779182;
 0, 0, 0, 1]
Ow:
[-0.82035089;
 -1.9836969;
 3.7242911]
Keyframe: 74 Frame: 622 Frame from vFrameID : 623
Tcw:
[0.59833145, 0.68908775, -0.40884903, -0.82524872;
 -0.60857052, 0.72274882, 0.32753032, -1.9852642;
 0.52119231, 0.052841771, 0.85180181, 3.7291045;
 0, 0, 0, 1]
Twc:
[0.59833145, -0.60857052, 0.52119231, -2.6579814;
 0.68908775, 0.72274882, 0.052841771, 1.8064635;
 -0.40884903, 0.32753032, 0.85180181, -2.8636258;
 0, 0, 0, 1]
Ow:
[-0.82524872;
 -1.9852642;
 3.7291045]
Keyframe: 75 Frame: 628 Frame from vFrameID : 629
Tcw:
[0.62702781, 0.67378438, -0.39096132, -0.82994974;
 -0.5849635, 0.73869109, 0.33489281, -1.9871495;
 0.51444519, 0.018710999, 0.85731912, 3.7346888;
 0, 0, 0, 1]
Twc:
[0.62702781, -0.5849635, 0.51444519, -2.5633011;
 0.67378438, 0.73869109, 0.018710999, 1.957217;
 -0.39096132, 0.33489281, 0.85731912, -2.8608162;
 0, 0, 0, 1]
Ow:
[-0.82994974;
 -1.9871495;
 3.7346888]
Keyframe: 76 Frame: 633 Frame from vFrameID : 634
Tcw:
[0.61064082, 0.68644249, -0.39486009, -0.83492029;
 -0.59127009, 0.72690427, 0.34929913, -1.9885037;
 0.52679926, 0.02017265, 0.84975034, 3.7400751;
 0, 0, 0, 1]
Twc:
[0.61064082, -0.59127009, 0.52679926, -2.6361752;
 0.68644249, 0.72690427, 0.02017265, 1.9431294;
 -0.39486009, 0.34929913, 0.84975034, -2.8132238;
 0, 0, 0, 1]
Ow:
[-0.83492029;
 -1.9885037;
 3.7400751]
Keyframe: 77 Frame: 640 Frame from vFrameID : 641
Tcw:
[0.6671682, 0.64318776, -0.37576073, -0.8425808;
 -0.560422, 0.76570851, 0.31562269, -1.9898704;
 0.49072784, 1.1163545e-05, 0.87131292, 3.7474852;
 0, 0, 0, 1]
Twc:
[0.6671682, -0.560422, 0.49072784, -2.3920193;
 0.64318776, 0.76570851, 1.1163545e-05, 2.0655565;
 -0.37576073, 0.31562269, 0.87131292, -2.9537928;
 0, 0, 0, 1]
Ow:
[-0.8425808;
 -1.9898704;
 3.7474852]
Keyframe: 78 Frame: 644 Frame from vFrameID : 645
Tcw:
[0.64755791, 0.65656656, -0.38676745, -0.84684885;
 -0.57149655, 0.75417894, 0.32342827, -1.9904584;
 0.50404406, 0.011597711, 0.86360008, 3.7515032;
 0, 0, 0, 1]
Twc:
[0.64755791, -0.57149655, 0.50404406, -2.4800794;
 0.65656656, 0.75417894, 0.011597711, 2.0136654;
 -0.38676745, 0.32342827, 0.86360008, -2.9235616;
 0, 0, 0, 1]
Ow:
[-0.84684885;
 -1.9904584;
 3.7515032]
Keyframe: 79 Frame: 649 Frame from vFrameID : 650
Tcw:
[0.64083236, 0.65910614, -0.39358982, -0.85188508;
 -0.57839531, 0.75165027, 0.31698701, -1.9912426;
 0.50476998, 0.024514977, 0.86290574, 3.7556884;
 0, 0, 0, 1]
Twc:
[0.64083236, -0.57839531, 0.50476998, -2.5015686;
 0.65910614, 0.75165027, 0.024514977, 1.9661301;
 -0.39358982, 0.31698701, 0.86290574, -2.9449003;
 0, 0, 0, 1]
Ow:
[-0.85188508;
 -1.9912426;
 3.7556884]
Keyframe: 80 Frame: 653 Frame from vFrameID : 654
Tcw:
[0.66105521, 0.65074188, -0.37355199, -0.85547662;
 -0.56552225, 0.75929743, 0.32195032, -1.9919206;
 0.49314359, -0.0015749569, 0.86994648, 3.758781;
 0, 0, 0, 1]
Twc:
[0.66105521, -0.56552225, 0.49314359, -2.414577;
 0.65074188, 0.75929743, -0.0015749569, 2.0750744;
 -0.37355199, 0.32195032, 0.86994648, -2.948204;
 0, 0, 0, 1]
Ow:
[-0.85547662;
 -1.9919206;
 3.758781]
Keyframe: 81 Frame: 658 Frame from vFrameID : 659
Tcw:
[0.62937719, 0.67417496, -0.38648739, -0.85982668;
 -0.58249098, 0.73848408, 0.33962551, -1.9936361;
 0.51438183, 0.01137287, 0.85748589, 3.7625394;
 0, 0, 0, 1]
Twc:
[0.62937719, -0.58249098, 0.51438183, -2.5555015;
 0.67417496, 0.73848408, 0.01137287, 2.0091515;
 -0.38648739, 0.33962551, 0.85748589, -2.8815467;
 0, 0, 0, 1]
Ow:
[-0.85982668;
 -1.9936361;
 3.7625394]
Keyframe: 82 Frame: 663 Frame from vFrameID : 665
Tcw:
[0.64133495, 0.66332257, -0.38560688, -0.86427522;
 -0.58006406, 0.74813962, 0.32219991, -1.9944258;
 0.50221026, 0.017038636, 0.86457765, 3.7664199;
 0, 0, 0, 1]
Twc:
[0.64133495, -0.58006406, 0.50221026, -2.4941397;
 0.66332257, 0.74813962, 0.017038636, 2.0012276;
 -0.38560688, 0.32219991, 0.86457765, -2.9470291;
 0, 0, 0, 1]
Ow:
[-0.86427522;
 -1.9944258;
 3.7664199]
Keyframe: 83 Frame: 670 Frame from vFrameID : 671
Tcw:
[0.60654873, 0.69245452, -0.39064741, -0.86979747;
 -0.59964925, 0.72107154, 0.34709749, -1.9955335;
 0.52203393, 0.02371987, 0.85259485, 3.7714398;
 0, 0, 0, 1]
Twc:
[0.60654873, -0.59964925, 0.52203393, -2.6378651;
 0.69245452, 0.72107154, 0.02371987, 1.9517593;
 -0.39064741, 0.34709749, 0.85259485, -2.8626494;
 0, 0, 0, 1]
Ow:
[-0.86979747;
 -1.9955335;
 3.7714398]
Keyframe: 84 Frame: 675 Frame from vFrameID : 677
Tcw:
[0.62281901, 0.67689961, -0.39230523, -0.87342238;
 -0.58445883, 0.73589331, 0.34186089, -1.995939;
 0.5201003, 0.016368784, 0.8539483, 3.7747698;
 0, 0, 0, 1]
Twc:
[0.62281901, -0.58445883, 0.5201003, -2.5858192;
 0.67689961, 0.73589331, 0.016368784, 1.9982291;
 -0.39230523, 0.34186089, 0.8539483, -2.8837729;
 0, 0, 0, 1]
Ow:
[-0.87342238;
 -1.995939;
 3.7747698]
Keyframe: 85 Frame: 681 Frame from vFrameID : 682
Tcw:
[0.64347845, 0.66087157, -0.3862437, -0.87782598;
 -0.57148445, 0.75046527, 0.33197498, -1.9968619;
 0.50925535, 0.0071135089, 0.86058611, 3.7797322;
 0, 0, 0, 1]
Twc:
[0.64347845, -0.57148445, 0.50925535, -2.5011623;
 0.66087157, 0.75046527, 0.0071135089, 2.0518186;
 -0.3862437, 0.33197498, 0.86058611, -2.9289315;
 0, 0, 0, 1]
Ow:
[-0.87782598;
 -1.9968619;
 3.7797322]
Keyframe: 86 Frame: 688 Frame from vFrameID : 689
Tcw:
[0.63410848, 0.67511755, -0.37699166, -0.8818562;
 -0.58464462, 0.73768336, 0.33765957, -1.9982038;
 0.50606036, 0.0062933341, 0.8624751, 3.7844245;
 0, 0, 0, 1]
Twc:
[0.63410848, -0.58464462, 0.50606036, -2.5241938;
 0.67511755, 0.73768336, 0.0062933341, 2.0455813;
 -0.37699166, 0.33765957, 0.8624751, -2.9217117;
 0, 0, 0, 1]
Ow:
[-0.8818562;
 -1.9982038;
 3.7844245]
Keyframe: 87 Frame: 693 Frame from vFrameID : 694
Tcw:
[0.65120506, 0.6659779, -0.36387548, -0.88443232;
 -0.57292473, 0.74586183, 0.33977553, -1.9986792;
 0.49768382, -0.012790288, 0.86726421, 3.7872877;
 0, 0, 0, 1]
Twc:
[0.65120506, -0.57292473, 0.49768382, -2.4540176;
 0.6659779, 0.74586183, -0.012790288, 2.1281912;
 -0.36387548, 0.33977553, 0.86726421, -2.9273;
 0, 0, 0, 1]
Ow:
[-0.88443232;
 -1.9986792;
 3.7872877]
Keyframe: 88 Frame: 699 Frame from vFrameID : 700
Tcw:
[0.5967074, 0.69256449, -0.40533283, -0.88719749;
 -0.5910092, 0.72096801, 0.36181942, -1.999258;
 0.54281527, 0.023655094, 0.8395189, 3.7901778;
 0, 0, 0, 1]
Twc:
[0.5967074, -0.5910092, 0.54281527, -2.709549;
 0.69256449, 0.72096801, 0.023655094, 1.9661853;
 -0.40533283, 0.36181942, 0.8395189, -2.818166;
 0, 0, 0, 1]
Ow:
[-0.88719749;
 -1.999258;
 3.7901778]
Keyframe: 89 Frame: 704 Frame from vFrameID : 705
Tcw:
[0.62505871, 0.68002152, -0.38323924, -0.88807011;
 -0.58061415, 0.73319107, 0.35400286, -1.999143;
 0.52171713, 0.0012415443, 0.85311764, 3.7908196;
 0, 0, 0, 1]
Twc:
[0.62505871, -0.58061415, 0.52171713, -2.5833704;
 0.68002152, 0.73319107, 0.0012415443, 2.0649543;
 -0.38323924, 0.35400286, 0.85311764, -2.8666561;
 0, 0, 0, 1]
Ow:
[-0.88807011;
 -1.999143;
 3.7908196]
Keyframe: 90 Frame: 709 Frame from vFrameID : 710
Tcw:
[0.62204546, 0.69014329, -0.36981305, -0.88832128;
 -0.58222514, 0.72350913, 0.37087518, -1.9988004;
 0.52352017, -0.015386757, 0.85187435, 3.7913368;
 0, 0, 0, 1]
Twc:
[0.62204546, -0.58222514, 0.52352017, -2.5960169;
 0.69014329, 0.72350913, -0.015386757, 2.1175559;
 -0.36981305, 0.37087518, 0.85187435, -2.8169498;
 0, 0, 0, 1]
Ow:
[-0.88832128;
 -1.9988004;
 3.7913368]
Keyframe: 91 Frame: 712 Frame from vFrameID : 713
Tcw:
[0.63028413, 0.67867249, -0.37702194, -0.88845134;
 -0.57064444, 0.73425251, 0.36774743, -1.9984839;
 0.52640939, -0.016639894, 0.85006839, 3.7913303;
 0, 0, 0, 1]
Twc:
[0.63028413, -0.57064444, 0.52640939, -2.5762389;
 0.67867249, 0.73425251, -0.016639894, 2.1334467;
 -0.37702194, 0.36774743, 0.85006839, -2.8229184;
 0, 0, 0, 1]
Ow:
[-0.88845134;
 -1.9984839;
 3.7913303]
Keyframe: 92 Frame: 715 Frame from vFrameID : 717
Tcw:
[0.63522989, 0.67533863, -0.37470087, -0.88840973;
 -0.56841093, 0.73726338, 0.36517355, -1.9983132;
 0.52286905, -0.018985078, 0.85220158, 3.7914929;
 0, 0, 0, 1]
Twc:
[0.63522989, -0.56841093, 0.52286905, -2.5539727;
 0.67533863, 0.73726338, -0.018985078, 2.1452422;
 -0.37470087, 0.36517355, 0.85220158, -2.8342729;
