Keyframe: 0 Frame: 0 Frame from vFrameID : 0
Tcw:
[1, 0, 0, 0;
 0, 1, 0, 0;
 0, 0, 1, 0;
 0, 0, 0, 1]
Twc:
[1, 0, 0, 0;
 0, 1, 0, 0;
 0, 0, 1, 0;
 0, 0, 0, 1]
Ow:
[0;
 0;
 0]
Keyframe: 1 Frame: 0 Frame from vFrameID : 0
Tcw:
[0.99995029, -0.0081975004, -0.0056765382, 0.0015930587;
 0.0081245666, 0.99988568, -0.012754252, -0.016872713;
 0.0057804422, 0.012707499, 0.99990255, -0.010180256;
 0, 0, 0, 1]
Twc:
[0.99995029, 0.0081245666, 0.0057804422, -0.0013970496;
 -0.0081975004, 0.99988568, 0.012707499, 0.017013209;
 -0.0056765382, -0.012754252, 0.99990255, 0.0099731088;
 0, 0, 0, 1]
Ow:
[0.0015930587;
 -0.016872713;
 -0.010180256]
Keyframe: 2 Frame: 0 Frame from vFrameID : 0
Tcw:
[0.99993455, -0.0089951642, -0.0070664119, 0.0018951682;
 0.0089250105, 0.99991119, -0.0098973978, -0.017743867;
 0.007154813, 0.0098336823, 0.99992603, -0.011340872;
 0, 0, 0, 1]
Twc:
[0.99993455, 0.0089250105, 0.007154813, -0.0016555383;
 -0.0089951642, 0.99991119, 0.0098336823, 0.017870862;
 -0.0070664119, -0.0098973978, 0.99992603, 0.011177808;
 0, 0, 0, 1]
Ow:
[0.0018951682;
 -0.017743867;
 -0.011340872]
Keyframe: 3 Frame: 0 Frame from vFrameID : 0
Tcw:
[0.99980992, -0.0089420285, -0.017324667, -0.0067837727;
 0.0082245618, 0.99912322, -0.041050743, -0.073596299;
 0.017676555, 0.040900454, 0.99900687, 0.0087339599;
 0, 0, 0, 1]
Twc:
[0.99980992, 0.0082245618, 0.017676555, 0.0072333948;
 -0.0089420285, 0.99912322, 0.040900454, 0.073113889;
 -0.017324667, -0.041050743, 0.99900687, -0.011863994;
 0, 0, 0, 1]
Ow:
[-0.0067837727;
 -0.073596299;
 0.0087339599]
Keyframe: 4 Frame: 0 Frame from vFrameID : 0
Tcw:
[0.99975413, -0.011865855, -0.018731074, -0.0088261236;
 0.010941651, 0.99875379, -0.048694849, -0.097753286;
 0.019285537, 0.048477929, 0.99863803, 0.0081392266;
 0, 0, 0, 1]
Twc:
[0.99975413, 0.010941651, 0.019285537, 0.0097365668;
 -0.011865855, 0.99875379, 0.048477929, 0.097132161;
 -0.018731074, -0.048694849, 0.99863803, -0.013053547;
 0, 0, 0, 1]
Ow:
[-0.0088261236;
 -0.097753286;
 0.0081392266]
Keyframe: 5 Frame: 0 Frame from vFrameID : 0
Tcw:
[0.99965405, -0.015760746, -0.021055395, -0.012732619;
 0.014477449, 0.99810719, -0.059769701, -0.15119088;
 0.021957558, 0.059444197, 0.99799013, 0.0036740676;
 0, 0, 0, 1]
Twc:
[0.99965405, 0.014477449, 0.021957558, 0.0148364;
 -0.015760746, 0.99810719, 0.059444197, 0.15048562;
 -0.021055395, -0.059769701, 0.99799013, -0.012971406;
 0, 0, 0, 1]
Ow:
[-0.012732619;
 -0.15119088;
 0.0036740676]
Keyframe: 6 Frame: 0 Frame from vFrameID : 0
Tcw:
[0.99902081, -0.033754941, -0.028601285, -0.017405011;
 0.031835165, 0.99737024, -0.065108381, -0.20251009;
 0.030723801, 0.064134099, 0.99746823, -0.0011102818;
 0, 0, 0, 1]
Twc:
[0.99902081, 0.031835165, 0.030723801, 0.023869023;
 -0.033754941, 0.99737024, 0.064134099, 0.20146126;
 -0.028601285, -0.065108381, 0.99746823, -0.012575439;
 0, 0, 0, 1]
Ow:
[-0.017405011;
 -0.20251009;
 -0.0011102818]
Keyframe: 7 Frame: 0 Frame from vFrameID : 0
Tcw:
[0.99796617, -0.052723899, -0.03582947, -0.020322688;
 0.050182227, 0.99638999, -0.068474405, -0.24897195;
 0.039310362, 0.066537134, 0.99700928, -0.0062876847;
 0, 0, 0, 1]
Twc:
[0.99796617, 0.050182227, 0.039310362, 0.033022493;
 -0.052723899, 0.99638999, 0.066537134, 0.24742003;
 -0.03582947, -0.068474405, 0.99700928, -0.011507478;
 0, 0, 0, 1]
Ow:
[-0.020322688;
 -0.24897195;
 -0.0062876847]
Keyframe: 8 Frame: 0 Frame from vFrameID : 0
Tcw:
[0.99759716, -0.058089513, -0.037755776, -0.01979981;
 0.055365302, 0.99603868, -0.069582269, -0.27157083;
 0.041648213, 0.067324713, 0.99686146, -0.0088331969;
 0, 0, 0, 1]
Twc:
[0.99759716, 0.055365302, 0.041648213, 0.035155721;
 -0.058089513, 0.99603868, 0.067324713, 0.26993954;
 -0.037755776, -0.069582269, 0.99686146, -0.010838595;
 0, 0, 0, 1]
Ow:
[-0.01979981;
 -0.27157083;
 -0.0088331969]
Keyframe: 9 Frame: 0 Frame from vFrameID : 0
Tcw:
[0.99927634, -0.01990697, -0.032412149, 0.010901717;
 0.016608007, 0.99494416, -0.099047244, -0.31562769;
 0.03422001, 0.098437265, 0.9945547, 0.012666341;
 0, 0, 0, 1]
Twc:
[0.99927634, 0.016608007, 0.03422001, -0.0060853232;
 -0.01990697, 0.99494416, 0.098437265, 0.31300211;
 -0.032412149, -0.099047244, 0.9945547, -0.043506075;
 0, 0, 0, 1]
Ow:
[0.010901717;
 -0.31562769;
 0.012666341]
Keyframe: 10 Frame: 0 Frame from vFrameID : 0
Tcw:
[0.99918169, -0.01798792, -0.036226273, 0.022902638;
 0.014719239, 0.99596232, -0.088557169, -0.3119444;
 0.037672963, 0.087951481, 0.99541211, 0.0096743405;
 0, 0, 0, 1]
Twc:
[0.99918169, 0.014719239, 0.037672963, -0.018656773;
 -0.01798792, 0.99596232, 0.087951481, 0.31024599;
 -0.036226273, -0.088557169, 0.99541211, -0.036425196;
 0, 0, 0, 1]
Ow:
[0.022902638;
 -0.3119444;
 0.0096743405]
Keyframe: 11 Frame: 0 Frame from vFrameID : 0
Tcw:
[0.99915874, -0.01010123, -0.039746277, 0.061571699;
 0.0083932858, 0.99904388, -0.042905826, -0.26366901;
 0.040141676, 0.042536132, 0.99828821, -0.013739021;
 0, 0, 0, 1]
Twc:
[0.99915874, 0.0083932858, 0.040141676, -0.058755346;
 -0.01010123, 0.99904388, 0.042536132, 0.26462325;
 -0.039746277, -0.042905826, 0.99828821, 0.004849812;
 0, 0, 0, 1]
Ow:
[0.061571699;
 -0.26366901;
 -0.013739021]
Keyframe: 12 Frame: 0 Frame from vFrameID : 0
Tcw:
[0.99907619, -0.01252732, -0.041108146, 0.06984406;
 0.010119212, 0.99824935, -0.058273733, -0.27029023;
 0.041766193, 0.057803918, 0.99745393, -0.015464917;
 0, 0, 0, 1]
Twc:
[0.99907619, 0.010119212, 0.041766193, -0.066398501;
 -0.01252732, 0.99824935, 0.057803918, 0.27158591;
 -0.041108146, -0.058273733, 0.99745393, 0.002545882;
 0, 0, 0, 1]
Ow:
[0.06984406;
 -0.27029023;
 -0.015464917]
Keyframe: 13 Frame: 0 Frame from vFrameID : 0
Tcw:
[0.99893838, -0.017225506, -0.042724423, 0.085830972;
 0.01455851, 0.99797201, -0.061967324, -0.31308594;
 0.043705195, 0.061279535, 0.9971633, -0.02643368;
 0, 0, 0, 1]
Twc:
[0.99893838, 0.01455851, 0.043705195, -0.0800265;
 -0.017225506, 0.99797201, 0.061279535, 0.31554931;
 -0.042724423, -0.061967324, 0.9971633, 0.010624679;
 0, 0, 0, 1]
Ow:
[0.085830972;
 -0.31308594;
 -0.02643368]
Keyframe: 14 Frame: 0 Frame from vFrameID : 0
Tcw:
[0.99903435, -0.042878736, 0.0095777214, 0.18763573;
 0.04303908, 0.99892509, -0.017214164, -0.33049148;
 -0.0088293049, 0.017609756, 0.99980593, -0.058214318;
 0, 0, 0, 1]
Twc:
[0.99903435, 0.04303908, -0.0088293049, -0.17374448;
 -0.042878736, 0.99892509, 0.017609756, 0.33920696;
 0.0095777214, -0.017214164, 0.99980593, 0.050716765;
 0, 0, 0, 1]
Ow:
[0.18763573;
 -0.33049148;
 -0.058214318]
Keyframe: 15 Frame: 0 Frame from vFrameID : 0
Tcw:
[0.99549186, -0.062912181, 0.070979044, 0.29897505;
 0.06577573, 0.99708164, -0.038752586, -0.34690371;
 -0.068333894, 0.043246582, 0.99672472, 0.0076796673;
 0, 0, 0, 1]
Twc:
[0.99549186, 0.06577573, -0.068333894, -0.2742846;
 -0.062912181, 0.99708164, 0.043246582, 0.36436838;
 0.070979044, -0.038752586, 0.99672472, -0.042318895;
 0, 0, 0, 1]
Ow:
[0.29897505;
 -0.34690371;
 0.0076796673]
Keyframe: 16 Frame: 0 Frame from vFrameID : 0
Tcw:
[0.99319506, -0.10051829, 0.058818825, 0.45676944;
 0.10424708, 0.99247789, -0.064188816, -0.49621332;
 -0.051924232, 0.069883704, 0.99620289, 0.08991155;
 0, 0, 0, 1]
Twc:
[0.99319506, 0.10424708, -0.051924232, -0.3972638;
 -0.10051829, 0.99247789, 0.069883704, 0.53211105;
 0.058818825, -0.064188816, 0.99620289, -0.14828813;
 0, 0, 0, 1]
Ow:
[0.45676944;
 -0.49621332;
 0.08991155]
Keyframe: 17 Frame: 0 Frame from vFrameID : 0
Tcw:
[0.990197, -0.088388495, 0.10815434, 0.65260118;
 0.090510689, 0.99578458, -0.014863197, -0.51945186;
 -0.10638469, 0.024506617, 0.99402303, 0.20851815;
 0, 0, 0, 1]
Twc:
[0.990197, 0.090510689, -0.10638469, -0.57700461;
 -0.088388495, 0.99578458, 0.024506617, 0.56983441;
 0.10815434, -0.014863197, 0.99402303, -0.2855742;
 0, 0, 0, 1]
Ow:
[0.65260118;
 -0.51945186;
 0.20851815]
Keyframe: 18 Frame: 0 Frame from vFrameID : 0
Tcw:
[0.9766413, -0.12891519, 0.17190896, 0.87129658;
 0.13693395, 0.98994088, -0.035582393, -0.58869952;
 -0.1655926, 0.058291409, 0.98447001, 0.35504544;
 0, 0, 0, 1]
Twc:
[0.9766413, 0.13693395, -0.1655926, -0.71153837;
 -0.12891519, 0.98994088, 0.058291409, 0.67440498;
 0.17190896, -0.035582393, 0.98447001, -0.5202626;
 0, 0, 0, 1]
Ow:
[0.87129658;
 -0.58869952;
 0.35504544]
Keyframe: 19 Frame: 0 Frame from vFrameID : 0
Tcw:
[0.92702204, -0.19284289, 0.32162356, 1.1507734;
 0.19179872, 0.98080087, 0.035254925, -0.50678134;
 -0.32224733, 0.029004892, 0.94621104, 0.60726368;
 0, 0, 0, 1]
Twc:
[0.92702204, 0.19179872, -0.32224733, -0.77390325;
 -0.19284289, 0.98080087, 0.029004892, 0.70135647;
 0.32162356, 0.035254925, 0.94621104, -0.92684889;
 0, 0, 0, 1]
Ow:
[1.1507734;
 -0.50678134;
 0.60726368]
Keyframe: 20 Frame: 0 Frame from vFrameID : 0
Tcw:
[0.89282143, -0.1946103, 0.40619794, 1.4393058;
 0.21603282, 0.97636056, -0.0070628319, -0.52343702;
 -0.39522114, 0.094057932, 0.9137578, 0.7790193;
 0, 0, 0, 1]
Twc:
[0.89282143, 0.21603282, -0.39522114, -0.86407852;
 -0.1946103, 0.97636056, 0.094057932, 0.71789408;
 0.40619794, -0.0070628319, 0.9137578, -1.300175;
 0, 0, 0, 1]
Ow:
[1.4393058;
 -0.52343702;
 0.7790193]
Keyframe: 21 Frame: 0 Frame from vFrameID : 0
Tcw:
[0.89887244, -0.17774899, 0.40054175, 1.731452;
 0.18818209, 0.98204142, 0.013494692, -0.66126734;
 -0.39574727, 0.063244775, 0.91617912, 0.89396238;
 0, 0, 0, 1]
Twc:
[0.89887244, 0.18818209, -0.39574727, -1.0781325;
 -0.17774899, 0.98204142, 0.063244775, 0.90061736;
 0.40054175, 0.013494692, 0.91617912, -1.5036249;
 0, 0, 0, 1]
Ow:
[1.731452;
 -0.66126734;
 0.89396238]
Keyframe: 22 Frame: 0 Frame from vFrameID : 0
Tcw:
[0.90591156, -0.18776415, 0.37956399, 2.0186019;
 0.20210958, 0.9793607, 0.0020956388, -0.74518907;
 -0.37212354, 0.074815057, 0.92516309, 1.0817055;
 0, 0, 0, 1]
Twc:
[0.90591156, 0.20210958, -0.37212354, -1.275537;
 -0.18776415, 0.9793607, 0.074815057, 1.0279021;
 0.37956399, 0.0020956388, 0.92516309, -1.7653811;
 0, 0, 0, 1]
Ow:
[2.0186019;
 -0.74518907;
 1.0817055]
Keyframe: 23 Frame: 0 Frame from vFrameID : 0
Tcw:
[0.91001689, -0.17538296, 0.37564614, 2.25741;
 0.1920052, 0.98136926, -0.0069548064, -0.74757773;
 -0.36742783, 0.078455009, 0.92673707, 1.2819958;
 0, 0, 0, 1]
Twc:
[0.91001689, 0.1920052, -0.36742783, -1.4397017;
 -0.17538296, 0.98136926, 0.078455009, 1.0289822;
 0.37564614, -0.0069548064, 0.92673707, -2.0412598;
 0, 0, 0, 1]
Ow:
[2.25741;
 -0.74757773;
 1.2819958]
Keyframe: 24 Frame: 0 Frame from vFrameID : 0
Tcw:
[0.91138911, -0.17251171, 0.37364373, 2.3112178;
 0.18814933, 0.9821251, -0.005484262, -0.74043131;
 -0.3660188, 0.075299114, 0.9275561, 1.3446863;
 0, 0, 0, 1]
Twc:
[0.91138911, 0.18814933, -0.3660188, -1.4749265;
 -0.17251171, 0.9821251, 0.075299114, 1.0246546;
 0.37364373, -0.005484262, 0.9275561, -2.1149046;
 0, 0, 0, 1]
Ow:
[2.3112178;
 -0.74043131;
 1.3446863]
Keyframe: 25 Frame: 0 Frame from vFrameID : 0
Tcw:
[0.91368818, -0.16742055, 0.37032989, 2.4277897;
 0.18187466, 0.98331279, -0.0041853343, -0.75565922;
 -0.36344942, 0.071177714, 0.92889088, 1.4153433;
 0, 0, 0, 1]
Twc:
[0.91368818, 0.18187466, -0.36344942, -1.5664017;
 -0.16742055, 0.98331279, 0.071177714, 1.0487704;
 0.37032989, -0.0041853343, 0.92889088, -2.2169452;
 0, 0, 0, 1]
Ow:
[2.4277897;
 -0.75565922;
 1.4153433]
Keyframe: 26 Frame: 0 Frame from vFrameID : 0
Tcw:
[0.91239882, -0.15371147, 0.37934309, 2.6038785;
 0.17090963, 0.98521531, -0.011859568, -0.82413423;
 -0.37191167, 0.075654045, 0.92518008, 1.6211274;
 0, 0, 0, 1]
Twc:
[0.91239882, 0.17090963, -0.37191167, -1.632007;
 -0.15371147, 0.98521531, 0.075654045, 1.0895509;
 0.37934309, -0.011859568, 0.92518008, -2.4973719;
 0, 0, 0, 1]
Ow:
[2.6038785;
 -0.82413423;
 1.6211274]
Keyframe: 27 Frame: 0 Frame from vFrameID : 0
Tcw:
[0.91239941, -0.18793951, 0.36360148, 2.6892793;
 0.19758134, 0.98022628, 0.010863979, -0.83001447;
 -0.35845351, 0.061928578, 0.93149126, 1.7854326;
 0, 0, 0, 1]
Twc:
[0.91239941, 0.19758134, -0.35845351, -1.649707;
 -0.18793951, 0.98022628, 0.061928578, 1.2084546;
 0.36360148, 0.010863979, 0.93149126, -2.6319234;
 0, 0, 0, 1]
Ow:
[2.6892793;
 -0.83001447;
 1.7854326]
Keyframe: 28 Frame: 0 Frame from vFrameID : 0
Tcw:
[0.96243697, -0.1364083, 0.23475067, 2.8091469;
 0.14378884, 0.98950166, -0.014532243, -0.84261763;
 -0.23030387, 0.047740895, 0.97194695, 2.0199399;
 0, 0, 0, 1]
Twc:
[0.96243697, 0.14378884, -0.23030387, -2.1172678;
 -0.1364083, 0.98950166, 0.047740895, 1.1205288;
 0.23475067, -0.014532243, 0.97194695, -2.6349688;
 0, 0, 0, 1]
Ow:
[2.8091469;
 -0.84261763;
 2.0199399]
Keyframe: 29 Frame: 0 Frame from vFrameID : 0
Tcw:
[0.97206604, -0.11031922, 0.20716494, 2.8460839;
 0.11806033, 0.99268293, -0.025344213, -0.86595744;
 -0.20285316, 0.049094211, 0.97797769, 2.0889654;
 0, 0, 0, 1]
Twc:
[0.97206604, 0.11806033, -0.20285316, -2.240593;
 -0.11031922, 0.99268293, 0.049094211, 1.0710429;
 0.20716494, -0.025344213, 0.97797769, -2.6545174;
 0, 0, 0, 1]
Ow:
[2.8460839;
 -0.86595744;
 2.0889654]
Keyframe: 30 Frame: 0 Frame from vFrameID : 0
Tcw:
[0.97806513, -0.095825143, 0.1849491, 2.8883755;
 0.10318628, 0.99419212, -0.030572183, -0.89620781;
 -0.18094535, 0.048985794, 0.98227245, 2.1415975;
 0, 0, 0, 1]
Twc:
[0.97806513, 0.10318628, -0.18094535, -2.3450308;
 -0.095825143, 0.99419212, 0.048985794, 1.0628738;
 0.1849491, -0.030572183, 0.98227245, -2.6652339;
 0, 0, 0, 1]
Ow:
[2.8883755;
 -0.89620781;
 2.1415975]
Keyframe: 31 Frame: 0 Frame from vFrameID : 0
Tcw:
[0.97999632, -0.092361182, 0.17628551, 2.910526;
 0.099452615, 0.99453384, -0.031805668, -0.91176319;
 -0.17238429, 0.048701491, 0.98382509, 2.1639714;
 0, 0, 0, 1]
Twc:
[0.97999632, 0.099452615, -0.17238429, -2.388593;
 -0.092361182, 0.99453384, 0.048701491, 1.0702103;
 0.17628551, -0.031805668, 0.98382509, -2.6710522;
 0, 0, 0, 1]
Ow:
[2.910526;
 -0.91176319;
 2.1639714]
Keyframe: 32 Frame: 0 Frame from vFrameID : 0
Tcw:
[0.98038596, -0.11888438, 0.15719382, 3.0712128;
 0.12113654, 0.99262428, -0.0047904653, -0.94718671;
 -0.1554649, 0.023738421, 0.98755616, 2.5373425;
 0, 0, 0, 1]
Twc:
[0.98038596, 0.12113654, -0.1554649, -2.5017672;
 -0.11888438, 0.99262428, 0.023738421, 1.2450873;
 0.15719382, -0.0047904653, 0.98755616, -2.9930813;
 0, 0, 0, 1]
Ow:
[3.0712128;
 -0.94718671;
 2.5373425]
Keyframe: 33 Frame: 0 Frame from vFrameID : 0
Tcw:
[0.97899973, -0.12342821, 0.16224965, 3.1061146;
 0.12607075, 0.99200279, -0.0060530575, -0.96415991;
 -0.16020499, 0.026380878, 0.98673117, 2.6278205;
 0, 0, 0, 1]
Twc:
[0.97899973, 0.12607075, -0.16020499, -2.4983432;
 -0.12342821, 0.99200279, 0.026380878, 1.2705073;
 0.16224965, -0.0060530575, 0.98673117, -3.1027546;
 0, 0, 0, 1]
Ow:
[3.1061146;
 -0.96415991;
 2.6278205]
Keyframe: 34 Frame: 0 Frame from vFrameID : 0
Tcw:
[0.97698438, -0.13533027, 0.1648854, 3.1492801;
 0.13890676, 0.9902519, -0.010302207, -0.9968375;
 -0.16188388, 0.032968793, 0.98625892, 2.7076571;
 0, 0, 0, 1]
Twc:
[0.97698438, 0.13890676, -0.16188388, -2.5000041;
 -0.13533027, 0.9902519, 0.032968793, 1.3240449;
 0.1648854, -0.010302207, 0.98625892, -3.199991;
 0, 0, 0, 1]
Ow:
[3.1492801;
 -0.9968375;
 2.7076571]
Keyframe: 35 Frame: 0 Frame from vFrameID : 0
Tcw:
[0.97440928, -0.15150176, 0.16605347, 3.1970141;
 0.15657413, 0.9875055, -0.017816359, -1.0315198;
 -0.16127951, 0.043360103, 0.98595577, 2.7842088;
 0, 0, 0, 1]
Twc:
[0.97440928, 0.15657413, -0.16127951, -2.5046551;
 -0.15150176, 0.9875055, 0.043360103, 1.3822612;
 0.16605347, -0.017816359, 0.98595577, -3.2943602;
 0, 0, 0, 1]
Ow:
[3.1970141;
 -1.0315198;
 2.7842088]
Keyframe: 36 Frame: 0 Frame from vFrameID : 0
Tcw:
[0.97327495, -0.15732215, 0.16728903, 3.2578874;
 0.16245867, 0.98656213, -0.017388314, -1.074826;
 -0.16230546, 0.044101164, 0.98575455, 2.8477478;
 0, 0, 0, 1]
Twc:
[0.97327495, 0.16245867, -0.16230546, -2.5340004;
 -0.15732215, 0.98656213, 0.044101164, 1.4473314;
 0.16728903, -0.017388314, 0.98575455, -3.3708785;
 0, 0, 0, 1]
Ow:
[3.2578874;
 -1.074826;
 2.8477478]
Keyframe: 37 Frame: 0 Frame from vFrameID : 0
Tcw:
[0.9785257, -0.11027568, 0.17414582, 3.4942474;
 0.12058994, 0.99145401, -0.049769118, -1.2393234;
 -0.16716926, 0.069700591, 0.98346138, 3.1780615;
 0, 0, 0, 1]
Twc:
[0.9785257, 0.12058994, -0.16716926, -2.7384868;
 -0.11027568, 0.99145401, 0.069700591, 1.39255;
 0.17414582, -0.049769118, 0.98346138, -3.7956891;
 0, 0, 0, 1]
Ow:
[3.4942474;
 -1.2393234;
 3.1780615]
Keyframe: 38 Frame: 0 Frame from vFrameID : 0
Tcw:
[0.98870611, -0.084271491, 0.12392953, 3.7310047;
 0.090414904, 0.99489588, -0.044802949, -1.3724257;
 -0.11952137, 0.055502027, 0.99127907, 3.569201;
 0, 0, 0, 1]
Twc:
[0.98870611, 0.090414904, -0.11952137, -3.1381838;
 -0.084271491, 0.99489588, 0.055502027, 1.4817402;
 0.12392953, -0.044802949, 0.99127907, -4.0619445;
 0, 0, 0, 1]
Ow:
[3.7310047;
 -1.3724257;
 3.569201]
Keyframe: 39 Frame: 0 Frame from vFrameID : 0
Tcw:
[0.9913702, -0.09515547, 0.090169884, 3.9187019;
 0.09784168, 0.99486637, -0.025844002, -1.5184151;
 -0.087247789, 0.034443345, 0.99559104, 3.9390748;
 0, 0, 0, 1]
Twc:
[0.9913702, 0.09784168, -0.087247789, -3.3926442;
 -0.09515547, 0.99486637, 0.034443345, 1.7478311;
 0.090169884, -0.025844002, 0.99559104, -4.3142982;
 0, 0, 0, 1]
Ow:
[3.9187019;
 -1.5184151;
 3.9390748]
Keyframe: 40 Frame: 0 Frame from vFrameID : 0
Tcw:
[0.98839599, -0.12384791, 0.087949142, 4.1024442;
 0.12828718, 0.99063522, -0.046736591, -1.7136124;
 -0.081337288, 0.057477009, 0.99502796, 4.2777138;
 0, 0, 0, 1]
Twc:
[0.98839599, 0.12828718, -0.081337288, -3.487067;
 -0.12384791, 0.99063522, 0.057477009, 1.9597737;
 0.087949142, -0.046736591, 0.99502796, -4.69734;
 0, 0, 0, 1]
Ow:
[4.1024442;
 -1.7136124;
 4.2777138]
Keyframe: 41 Frame: 0 Frame from vFrameID : 0
Tcw:
[0.98918355, -0.10708274, 0.1002457, 4.3643732;
 0.1105439, 0.99342984, -0.029617395, -1.9944806;
 -0.096415557, 0.040378589, 0.9945218, 4.5950565;
 0, 0, 0, 1]
Twc:
[0.98918355, 0.1105439, -0.096415557, -3.6536534;
 -0.10708274, 0.99342984, 0.040378589, 2.2631836;
 0.1002457, -0.029617395, 0.9945218, -5.0664649;
 0, 0, 0, 1]
Ow:
[4.3643732;
 -1.9944806;
 4.5950565]
Keyframe: 42 Frame: 0 Frame from vFrameID : 0
Tcw:
[0.99079907, -0.054923113, 0.1236956, 4.6665139;
 0.06801711, 0.99222249, -0.10425059, -2.3181996;
 -0.11700778, 0.11170481, 0.98682886, 4.9174891;
 0, 0, 0, 1]
Twc:
[0.99079907, 0.06801711, -0.11700778, -3.8905163;
 -0.054923113, 0.99222249, 0.11170481, 2.0071621;
 0.1236956, -0.10425059, 0.98682886, -5.6716213;
 0, 0, 0, 1]
Ow:
[4.6665139;
 -2.3181996;
 4.9174891]
Keyframe: 43 Frame: 0 Frame from vFrameID : 0
Tcw:
[0.99148148, -0.065840058, 0.11238132, 4.8144174;
 0.075277172, 0.99379325, -0.081904285, -2.4104125;
 -0.10629122, 0.089666329, 0.99028385, 5.1790085;
 0, 0, 0, 1]
Twc:
[0.99148148, 0.075277172, -0.10629122, -4.0414734;
 -0.065840058, 0.99379325, 0.089666329, 2.2480507;
 0.11238132, -0.081904285, 0.99028385, -5.8671627;
 0, 0, 0, 1]
Ow:
[4.8144174;
 -2.4104125;
 5.1790085]
Keyframe: 44 Frame: 0 Frame from vFrameID : 0
Tcw:
[0.99178588, -0.086871155, 0.093883723, 4.8712535;
 0.091139853, 0.99494475, -0.042171489, -2.4433923;
 -0.089745633, 0.050381638, 0.99468958, 5.4119;
 0, 0, 0, 1]
Twc:
[0.99178588, 0.091139853, -0.089745633, -4.1228557;
 -0.086871155, 0.99494475, 0.050381638, 2.5815513;
 0.093883723, -0.042171489, 0.99468958, -5.9435339;
 0, 0, 0, 1]
Ow:
[4.8712535;
 -2.4433923;
 5.4119]
Keyframe: 45 Frame: 0 Frame from vFrameID : 0
Tcw:
[0.99181426, -0.089894198, 0.090683356, 4.8889551;
 0.093679175, 0.99486262, -0.038374916, -2.4839506;
 -0.0867678, 0.046555933, 0.99514014, 5.4698043;
 0, 0, 0, 1]
Twc:
[0.99181426, 0.093679175, -0.0867678, -4.1416378;
 -0.089894198, 0.99486262, 0.046555933, 2.6560264;
 0.090683356, -0.038374916, 0.99514014, -5.9818902;
 0, 0, 0, 1]
Ow:
[4.8889551;
 -2.4839506;
 5.4698043]
Keyframe: 46 Frame: 0 Frame from vFrameID : 0
Tcw:
[0.99176645, -0.094132699, 0.086823583, 4.9197683;
 0.097597532, 0.9945544, -0.036555357, -2.5489211;
 -0.082909718, 0.044728145, 0.99555278, 5.5090823;
 0, 0, 0, 1]
Twc:
[0.99176645, 0.097597532, -0.082909718, -4.1737361;
 -0.094132699, 0.9945544, 0.044728145, 2.7517405;
 0.086823583, -0.036555357, 0.99555278, -6.0049109;
 0, 0, 0, 1]
Ow:
[4.9197683;
 -2.5489211;
 5.5090823]
Keyframe: 47 Frame: 0 Frame from vFrameID : 0
Tcw:
[0.99110293, -0.09889213, 0.08908017, 4.9824214;
 0.10470371, 0.99249899, -0.063109621, -2.8323448;
 -0.082170933, 0.071875162, 0.99402308, 5.7793231;
 0, 0, 0, 1]
Twc:
[0.99110293, 0.10470371, -0.082170933, -4.1666431;
 -0.09889213, 0.99249899, 0.071875162, 2.888432;
 0.08908017, -0.063109621, 0.99402308, -6.3673639;
 0, 0, 0, 1]
Ow:
[4.9824214;
 -2.8323448;
 5.7793231]
Keyframe: 48 Frame: 0 Frame from vFrameID : 0
Tcw:
[0.98799103, -0.13695097, 0.071540847, 5.0205522;
 0.13864413, 0.99015534, -0.019239699, -2.8810344;
 -0.068201661, 0.028927369, 0.99725211, 6.0648274;
 0, 0, 0, 1]
Twc:
[0.98799103, 0.13864413, -0.068201661, -4.1471906;
 -0.13695097, 0.99015534, 0.028927369, 3.3648016;
 0.071540847, -0.019239699, 0.99725211, -6.4627666;
 0, 0, 0, 1]
Ow:
[5.0205522;
 -2.8810344;
 6.0648274]
Keyframe: 49 Frame: 0 Frame from vFrameID : 0
Tcw:
[0.98932844, -0.12343258, 0.077418558, 5.1449504;
 0.1260961, 0.99154919, -0.030496236, -3.0104434;
 -0.073000073, 0.03993297, 0.99653214, 6.4319272;
 0, 0, 0, 1]
Twc:
[0.98932844, 0.1260961, -0.073000073, -4.2409096;
 -0.12343258, 0.99154919, 0.03993297, 3.3632112;
 0.077418558, -0.030496236, 0.99653214, -6.899744;
 0, 0, 0, 1]
Ow:
[5.1449504;
 -3.0104434;
 6.4319272]
Keyframe: 50 Frame: 0 Frame from vFrameID : 0
Tcw:
[0.98355108, -0.16971549, 0.061838187, 5.3255186;
 0.17227258, 0.9842912, -0.038639884, -3.1643016;
 -0.054308996, 0.048657324, 0.99733794, 6.7937517;
 0, 0, 0, 1]
Twc:
[0.98355108, 0.17227258, -0.054308996, -4.3238349;
 -0.16971549, 0.9842912, 0.048657324, 3.687851;
 0.061838187, -0.038639884, 0.99733794, -7.2272553;
 0, 0, 0, 1]
Ow:
[5.3255186;
 -3.1643016;
 6.7937517]
Keyframe: 51 Frame: 0 Frame from vFrameID : 0
Tcw:
[0.99167627, -0.091187067, 0.090901531, 5.5840364;
 0.096655898, 0.99364477, -0.057686727, -3.1612823;
 -0.085063547, 0.065992728, 0.99418771, 7.2624435;
 0, 0, 0, 1]
Twc:
[0.99167627, 0.096655898, -0.085063547, -4.6142311;
 -0.091187067, 0.99364477, 0.065992728, 3.1711149;
 0.090901531, -0.057686727, 0.99418771, -7.910193;
 0, 0, 0, 1]
Ow:
[5.5840364;
 -3.1612823;
 7.2624435]
Keyframe: 52 Frame: 0 Frame from vFrameID : 0
Tcw:
[0.99309945, -0.097968347, 0.064464442, 5.8527393;
 0.10311706, 0.99127609, -0.082088806, -3.2582884;
 -0.055859957, 0.088169731, 0.99453795, 7.7128944;
 0, 0, 0, 1]
Twc:
[0.99309945, 0.10311706, -0.055859957, -5.0455251;
 -0.097968347, 0.99127609, 0.088169731, 3.1232028;
 0.064464442, -0.082088806, 0.99453795, -8.3155289;
 0, 0, 0, 1]
Ow:
[5.8527393;
 -3.2582884;
 7.7128944]
Keyframe: 53 Frame: 0 Frame from vFrameID : 0
Tcw:
[0.99665982, -0.078783885, 0.021501476, 6.0706139;
 0.080307357, 0.99332082, -0.082851909, -3.3893728;
 -0.014830468, 0.084301889, 0.9963299, 8.0083265;
 0, 0, 0, 1]
Twc:
[0.99665982, 0.080307357, -0.014830468, -5.6593781;
 -0.078783885, 0.99332082, 0.084301889, 3.1698842;
 0.021501476, -0.082851909, 0.9963299, -8.3902779;
 0, 0, 0, 1]
Ow:
[6.0706139;
 -3.3893728;
 8.0083265]
Keyframe: 54 Frame: 0 Frame from vFrameID : 0
Tcw:
[0.99677503, -0.079093508, 0.013553629, 6.1699557;
 0.079932168, 0.99353987, -0.080556393, -3.4130151;
 -0.007094583, 0.081379972, 0.99665791, 8.1498356;
 0, 0, 0, 1]
Twc:
[0.99677503, 0.079932168, -0.007094583, -5.8194284;
 -0.079093508, 0.99353987, 0.081379972, 3.2157369;
 0.013553629, -0.080556393, 0.99665791, -8.481164;
 0, 0, 0, 1]
Ow:
[6.1699557;
 -3.4130151;
 8.1498356]
Keyframe: 55 Frame: 0 Frame from vFrameID : 0
Tcw:
[0.99615687, -0.086446874, 0.014085836, 6.3831725;
 0.087307341, 0.99289179, -0.080890588, -3.4870853;
 -0.006992972, 0.081809513, 0.99662346, 8.5042229;
 0, 0, 0, 1]
Twc:
[0.99615687, 0.087307341, -0.006992972, -5.9947233;
 -0.086446874, 0.99289179, 0.081809513, 3.3183775;
 0.014085836, -0.080890588, 0.99662346, -8.8474922;
 0, 0, 0, 1]
Ow:
[6.3831725;
 -3.4870853;
 8.5042229]
Keyframe: 56 Frame: 0 Frame from vFrameID : 0
Tcw:
[0.99446535, -0.10463536, 0.009494585, 6.4373999;
 0.10506052, 0.99120885, -0.080419175, -3.4878275;
 -0.00099642749, 0.080971584, 0.9967159, 8.5947199;
 0, 0, 0, 1]
Twc:
[0.99446535, 0.10506052, -0.00099642749, -6.0267744;
 -0.10463536, 0.99120885, 0.080971584, 3.4348173;
 0.009494585, -0.080419175, 0.9967159, -8.908103;
 0, 0, 0, 1]
Ow:
[6.4373999;
 -3.4878275;
 8.5947199]
Keyframe: 57 Frame: 0 Frame from vFrameID : 0
Tcw:
[0.99548954, -0.090498738, 0.02846979, 6.610342;
 0.092575528, 0.99224633, -0.082927607, -3.5451164;
 -0.020744201, 0.085189171, 0.99614882, 8.8242607;
 0, 0, 0, 1]
Twc:
[0.99548954, 0.092575528, -0.020744201, -6.069283;
 -0.090498738, 0.99224633, 0.085189171, 3.3641248;
 0.02846979, -0.082927607, 0.99614882, -9.2724609;
 0, 0, 0, 1]
Ow:
[6.610342;
 -3.5451164;
 8.8242607]
Keyframe: 58 Frame: 0 Frame from vFrameID : 0
Tcw:
[0.99497384, -0.093207777, 0.036597561, 6.6307073;
 0.096027583, 0.99175471, -0.084860206, -3.5620711;
 -0.028386174, 0.087948062, 0.99572051, 8.8374548;
 0, 0, 0, 1]
Twc:
[0.99497384, 0.096027583, -0.028386174, -6.0044618;
 -0.093207777, 0.99175471, 0.087948062, 3.3734972;
 0.036597561, -0.084860206, 0.99572051, -9.3445816;
 0, 0, 0, 1]
Ow:
[6.6307073;
 -3.5620711;
 8.8374548]
Keyframe: 59 Frame: 0 Frame from vFrameID : 0
Tcw:
[0.98393244, -0.12896855, 0.12346683, 6.8140874;
 0.13788998, 0.98820347, -0.066635415, -3.6339903;
 -0.11341648, 0.082589589, 0.99010891, 8.9797268;
 0, 0, 0, 1]
Twc:
[0.98393244, 0.13788998, -0.11341648, -5.1850615;
 -0.12896855, 0.98820347, 0.082589589, 3.7282925;
 0.12346683, -0.066635415, 0.99010891, -9.9743738;
 0, 0, 0, 1]
Ow:
[6.8140874;
 -3.6339903;
 8.9797268]
Keyframe: 60 Frame: 0 Frame from vFrameID : 0
Tcw:
[0.98141801, -0.14258286, 0.12840892, 6.9484425;
 0.14923669, 0.98783404, -0.043730471, -3.6121213;
 -0.12061149, 0.062081195, 0.99075669, 9.0985003;
 0, 0, 0, 1]
Twc:
[0.98141801, 0.14923669, -0.12061149, -5.1828818;
 -0.14258286, 0.98783404, 0.062081195, 3.9940593;
 0.12840892, -0.043730471, 0.99075669, -10.064601;
 0, 0, 0, 1]
Ow:
[6.9484425;
 -3.6121213;
 9.0985003]
Keyframe: 61 Frame: 0 Frame from vFrameID : 0
Tcw:
[0.98231149, -0.14570391, 0.11762001, 7.1180649;
 0.14909168, 0.9886111, -0.02048941, -3.6556456;
 -0.11329506, 0.037663147, 0.99284726, 9.2275305;
 0, 0, 0, 1]
Twc:
[0.98231149, 0.14909168, -0.11329506, -5.4016976;
 -0.14570391, 0.9886111, 0.037663147, 4.3036036;
 0.11762001, -0.02048941, 0.99284726, -10.073657;
 0, 0, 0, 1]
Ow:
[7.1180649;
 -3.6556456;
 9.2275305]
Keyframe: 62 Frame: 0 Frame from vFrameID : 0
Tcw:
[0.9836359, -0.14041348, 0.11289123, 7.2008286;
 0.14143711, 0.98994666, -0.001069804, -3.7330468;
 -0.11160608, 0.017019307, 0.99360681, 9.2821474;
 0, 0, 0, 1]
Twc:
[0.9836359, 0.14143711, -0.11160608, -5.5190582;
 -0.14041348, 0.98994666, 0.017019307, 4.548635;
 0.11289123, -0.001069804, 0.99360681, -10.039708;
 0, 0, 0, 1]
Ow:
[7.2008286;
 -3.7330468;
 9.2821474]
Keyframe: 63 Frame: 0 Frame from vFrameID : 0
Tcw:
[0.98383534, -0.1406437, 0.11084828, 7.2466526;
 0.14056666, 0.99003428, 0.0085488651, -3.7766151;
 -0.11094594, 0.007170897, 0.99380058, 9.3183804;
 0, 0, 0, 1]
Twc:
[0.98383534, 0.14056666, -0.11094594, -5.5648103;
 -0.1406437, 0.99003428, 0.007170897, 4.6913538;
 0.11084828, 0.0085488651, 0.99380058, -10.031605;
 0, 0, 0, 1]
Ow:
[7.2466526;
 -3.7766151;
 9.3183804]
Keyframe: 64 Frame: 0 Frame from vFrameID : 0
Tcw:
[0.9840917, -0.13886808, 0.11081125, 7.3081536;
 0.13809942, 0.99031049, 0.01461957, -3.8303993;
 -0.11176773, 0.00091597106, 0.99373394, 9.3472872;
 0, 0, 0, 1]
Twc:
[0.9840917, 0.13809942, -0.11176773, -5.6181927;
 -0.13886808, 0.99031049, 0.00091597106, 4.799592;
 0.11081125, 0.01461957, 0.99373394, -10.042543;
 0, 0, 0, 1]
Ow:
[7.3081536;
 -3.8303993;
 9.3472872]
Keyframe: 65 Frame: 0 Frame from vFrameID : 0
Tcw:
[0.97782981, -0.18051837, 0.10612259, 7.5273247;
 0.18805717, 0.97994733, -0.065861508, -3.9322217;
 -0.092105329, 0.084358461, 0.9921695, 9.7448492;
 0, 0, 0, 1]
Twc:
[0.97782981, 0.18805717, -0.092105329, -5.7234073;
 -0.18051837, 0.97994733, 0.084358461, 4.39013;
 0.10612259, -0.065861508, 0.9921695, -10.726343;
 0, 0, 0, 1]
Ow:
[7.5273247;
 -3.9322217;
 9.7448492]
Keyframe: 66 Frame: 0 Frame from vFrameID : 0
Tcw:
[0.97516257, -0.19654924, 0.10210942, 7.5836654;
 0.20517644, 0.97526801, -0.082188353, -3.91766;
 -0.08343, 0.10109746, 0.99137217, 9.8573074;
 0, 0, 0, 1]
Twc:
[0.97516257, 0.20517644, -0.08343, -5.7691002;
 -0.19654924, 0.97526801, 0.10109746, 4.3147836;
 0.10210942, -0.082188353, 0.99137217, -10.86861;
 0, 0, 0, 1]
Ow:
[7.5836654;
 -3.91766;
 9.8573074]
Keyframe: 67 Frame: 0 Frame from vFrameID : 0
Tcw:
[0.97579563, -0.19166417, 0.10529844, 7.6594667;
 0.20104735, 0.97569895, -0.087129302, -3.9046597;
 -0.08604002, 0.10619037, 0.99061632, 9.9546328;
 0, 0, 0, 1]
Twc:
[0.97579563, 0.20104735, -0.08604002, -5.8325558;
 -0.19166417, 0.97569895, 0.10619037, 4.2207317;
 0.10529844, -0.087129302, 0.99061632, -11.007962;
 0, 0, 0, 1]
Ow:
[7.6594667;
 -3.9046597;
 9.9546328]
Keyframe: 68 Frame: 0 Frame from vFrameID : 0
Tcw:
[0.9820202, -0.14953008, 0.11522606, 8.1581717;
 0.14524035, 0.98838097, 0.04481395, -3.7644618;
 -0.12058828, -0.027272729, 0.99232793, 10.453117;
 0, 0, 0, 1]
Twc:
[0.9820202, 0.14524035, -0.12058828, -6.2042146;
 -0.14953008, 0.98838097, -0.027272729, 5.2256999;
 0.11522606, 0.04481395, 0.99232793, -11.144254;
 0, 0, 0, 1]
Ow:
[8.1581717;
 -3.7644618;
 10.453117]
Keyframe: 69 Frame: 0 Frame from vFrameID : 0
Tcw:
[0.98188752, -0.14859772, 0.11753997, 8.2363491;
 0.14536916, 0.9887358, 0.035627969, -3.7753968;
 -0.12151022, -0.01789597, 0.99242884, 10.561481;
 0, 0, 0, 1]
Twc:
[0.98188752, 0.14536916, -0.12151022, -6.2550144;
 -0.14859772, 0.9887358, -0.01789597, 5.1457801;
 0.11753997, 0.035627969, 0.99242884, -11.315108;
 0, 0, 0, 1]
Ow:
[8.2363491;
 -3.7753968;
 10.561481]
Keyframe: 70 Frame: 0 Frame from vFrameID : 0
Tcw:
[0.98167419, -0.14633328, 0.12207496, 8.3294325;
 0.14531749, 0.98923498, 0.017231658, -3.8013694;
 -0.12328239, 0.00082375429, 0.99237126, 10.66334;
 0, 0, 0, 1]
Twc:
[0.98167419, 0.14531749, -0.12328239, -6.309782;
 -0.14633328, 0.98923498, 0.00082375429, 4.9705367;
 0.12207496, 0.017231658, 0.99237126, -11.533303;
 0, 0, 0, 1]
Ow:
[8.3294325;
 -3.8013694;
 10.66334]
Keyframe: 71 Frame: 0 Frame from vFrameID : 0
Tcw:
[0.98175514, -0.14395839, 0.12422895, 8.4263468;
 0.14403109, 0.98953712, 0.0084433751, -3.8273549;
 -0.12414466, 0.009603505, 0.99221766, 10.770168;
 0, 0, 0, 1]
Twc:
[0.98175514, 0.14403109, -0.12414466, -6.3842926;
 -0.14395839, 0.98953712, 0.009603505, 4.8969216;
 0.12422895, 0.0084433751, 0.99221766, -11.700831;
 0, 0, 0, 1]
Ow:
[8.4263468;
 -3.8273549;
 10.770168]
Keyframe: 72 Frame: 0 Frame from vFrameID : 0
Tcw:
[0.98176807, -0.14166839, 0.12673427, 8.5290699;
 0.14261067, 0.98977751, 0.0016537998, -3.8570263;
 -0.12567301, 0.01645001, 0.99193531, 10.877677;
 0, 0, 0, 1]
Twc:
[0.98176807, 0.14261067, -0.12567301, -6.4564843;
 -0.14166839, 0.98977751, 0.01645001, 4.8469596;
 0.12673427, 0.0016537998, 0.99193531, -11.864498;
 0, 0, 0, 1]
Ow:
[8.5290699;
 -3.8570263;
 10.877677]
Keyframe: 73 Frame: 0 Frame from vFrameID : 0
Tcw:
[0.97679454, -0.16402511, 0.13772517, 8.9080362;
 0.16878301, 0.98537236, -0.023528721, -4.0649757;
 -0.13185129, 0.046228394, 0.99019098, 11.41783;
 0, 0, 0, 1]
Twc:
[0.97679454, 0.16878301, -0.13185129, -6.5097661;
 -0.16402511, 0.98537236, 0.046228394, 4.9388285;
 0.13772517, -0.023528721, 0.99019098, -12.628336;
 0, 0, 0, 1]
Ow:
[8.9080362;
 -4.0649757;
 11.41783]
Keyframe: 74 Frame: 0 Frame from vFrameID : 0
Tcw:
[0.96861804, -0.18396157, 0.16714427, 9.0067921;
 0.19186521, 0.98088974, -0.032295913, -4.134479;
 -0.15800889, 0.063351572, 0.98540336, 11.56461;
 0, 0, 0, 1]
Twc:
[0.96861804, 0.19186521, -0.15800889, -6.1035681;
 -0.18396157, 0.98088974, 0.063351572, 4.9797363;
 0.16714427, -0.032295913, 0.98540336, -13.034766;
 0, 0, 0, 1]
Ow:
[9.0067921;
 -4.134479;
 11.56461]
Keyframe: 75 Frame: 0 Frame from vFrameID : 0
Tcw:
[0.9627865, -0.19621299, 0.18585649, 9.0637865;
 0.20622088, 0.97784501, -0.03594593, -4.1725869;
 -0.17468578, 0.072935745, 0.98191917, 11.632366;
 0, 0, 0, 1]
Twc:
[0.9627865, 0.20622088, -0.17468578, -5.8340077;
 -0.19621299, 0.97784501, 0.072935745, 5.0101604;
 0.18585649, -0.03594593, 0.98191917, -13.256594;
 0, 0, 0, 1]
Ow:
[9.0637865;
 -4.1725869;
 11.632366]
Keyframe: 76 Frame: 0 Frame from vFrameID : 0
Tcw:
[0.95557237, -0.20891665, 0.20793107, 9.1256695;
 0.22140892, 0.97442192, -0.038470834, -4.2113128;
 -0.1945754, 0.082799457, 0.97738665, 11.694597;
 0, 0, 0, 1]
Twc:
[0.95557237, 0.22140892, -0.1945754, -5.5123348;
 -0.20891665, 0.97442192, 0.082799457, 5.0417933;
 0.20793107, -0.038470834, 0.97738665, -13.489666;
 0, 0, 0, 1]
Ow:
[9.1256695;
 -4.2113128;
 11.694597]
Keyframe: 77 Frame: 0 Frame from vFrameID : 0
Tcw:
[0.93753618, -0.23349956, 0.25788334, 9.2459412;
 0.25287071, 0.96648955, -0.04420821, -4.2749577;
 -0.23891897, 0.10665794, 0.96516412, 11.822641;
 0, 0, 0, 1]
Twc:
[0.93753618, 0.25287071, -0.23891897, -4.7627401;
 -0.23349956, 0.96648955, 0.10665794, 5.0296469;
 0.25788334, -0.04420821, 0.96516412, -13.984152;
 0, 0, 0, 1]
Ow:
[9.2459412;
 -4.2749577;
 11.822641]
Keyframe: 78 Frame: 0 Frame from vFrameID : 0
Tcw:
[0.91894877, -0.23913436, 0.31360477, 9.3663464;
 0.26697788, 0.96248698, -0.048389848, -4.3230391;
 -0.29026884, 0.12819332, 0.94831979, 11.94176;
 0, 0, 0, 1]
Twc:
[0.91894877, 0.26697788, -0.29026884, -3.9867153;
 -0.23913436, 0.96248698, 0.12819332, 4.8698301;
 0.31360477, -0.048389848, 0.94831979, -14.47113;
 0, 0, 0, 1]
Ow:
[9.3663464;
 -4.3230391;
 11.94176]
Keyframe: 79 Frame: 0 Frame from vFrameID : 0
Tcw:
[0.91123331, -0.23512712, 0.33818501, 9.4338398;
 0.26754686, 0.96214288, -0.051958933, -4.3490896;
 -0.31316537, 0.13782705, 0.93964416, 11.988353;
 0, 0, 0, 1]
Twc:
[0.91123331, 0.26754686, -0.31316537, -3.6785061;
 -0.23512712, 0.96214288, 0.13782705, 4.750278;
 0.33818501, -0.051958933, 0.93964416, -14.681144;
 0, 0, 0, 1]
Ow:
[9.4338398;
 -4.3490896;
 11.988353]
Keyframe: 80 Frame: 0 Frame from vFrameID : 0
Tcw:
[0.89736545, -0.23348606, 0.374459, 9.5824661;
 0.27058882, 0.96144944, -0.048955962, -4.4047976;
 -0.34859285, 0.1452558, 0.92595017, 12.051071;
 0, 0, 0, 1]
Twc:
[0.89736545, 0.27058882, -0.34859285, -3.2061667;
 -0.23348606, 0.96144944, 0.1452558, 4.7218738;
 0.374459, -0.048955962, 0.92595017, -14.962574;
 0, 0, 0, 1]
Ow:
[9.5824661;
 -4.4047976;
 12.051071]
Keyframe: 81 Frame: 0 Frame from vFrameID : 0
Tcw:
[0.8695572, -0.2474644, 0.42735422, 9.9037724;
 0.28286642, 0.95894504, -0.020273004, -4.5573072;
 -0.40479237, 0.13851269, 0.90385693, 12.281775;
 0, 0, 0, 1]
Twc:
[0.8695572, 0.28286642, -0.40479237, -2.3512187;
 -0.2474644, 0.95894504, 0.13851269, 5.1198568;
 0.42735422, -0.020273004, 0.90385693, -15.425777;
 0, 0, 0, 1]
Ow:
[9.9037724;
 -4.5573072;
 12.281775]
Keyframe: 82 Frame: 0 Frame from vFrameID : 0
Tcw:
[0.87169623, -0.25876153, 0.41615883, 10.107101;
 0.29009411, 0.9569146, -0.012642418, -4.6357293;
 -0.39495707, 0.13174558, 0.90920407, 12.415647;
 0, 0, 0, 1]
Twc:
[0.87169623, 0.29009411, -0.39495707, -2.5618763;
 -0.25876153, 0.9569146, 0.13174558, 5.4156194;
 0.41615883, -0.012642418, 0.90920407, -15.553122;
 0, 0, 0, 1]
Ow:
[10.107101;
 -4.6357293;
 12.415647]
Keyframe: 83 Frame: 0 Frame from vFrameID : 0
Tcw:
[0.86168963, -0.26008111, 0.43571639, 10.271266;
 0.29786095, 0.95441276, -0.01936803, -4.6715875;
 -0.41081601, 0.14647213, 0.89987564, 12.507387;
 0, 0, 0, 1]
Twc:
[0.86168963, 0.29786095, -0.41081601, -2.3209252;
 -0.26008111, 0.95441276, 0.14647213, 5.2980013;
 0.43571639, -0.01936803, 0.89987564, -15.82093;
 0, 0, 0, 1]
Ow:
[10.271266;
 -4.6715875;
 12.507387]
Keyframe: 84 Frame: 0 Frame from vFrameID : 0
Tcw:
[0.75870848, -0.30664781, 0.57474214, 10.399599;
 0.35056219, 0.93582678, 0.036528982, -4.6348758;
 -0.54906064, 0.173768, 0.81751889, 12.545129;
 0, 0, 0, 1]
Twc:
[0.75870848, 0.35056219, -0.54906064, 0.62258387;
 -0.30664781, 0.93582678, 0.173768, 5.3465133;
 0.57474214, 0.036528982, 0.81751889, -16.06366;
 0, 0, 0, 1]
Ow:
[10.399599;
 -4.6348758;
 12.545129]
Keyframe: 85 Frame: 0 Frame from vFrameID : 0
Tcw:
[0.61818415, -0.35140526, 0.70310932, 10.514746;
 0.38967845, 0.91385287, 0.11412118, -4.5638599;
 -0.68264127, 0.20343865, 0.70186442, 12.560722;
 0, 0, 0, 1]
Twc:
[0.61818415, 0.38967845, -0.68264127, 3.8528562;
 -0.35140526, 0.91385287, 0.20343865, 5.3102975;
 0.70310932, 0.11412118, 0.70186442, -15.688107;
 0, 0, 0, 1]
Ow:
[10.514746;
 -4.5638599;
 12.560722]
Keyframe: 86 Frame: 0 Frame from vFrameID : 0
Tcw:
[0.58766723, -0.3686235, 0.72025269, 10.643595;
 0.38459811, 0.91045547, 0.15216821, -4.5618582;
 -0.71185076, 0.18758357, 0.6768167, 12.533007;
 0, 0, 0, 1]
Twc:
[0.58766723, 0.38459811, -0.71185076, 4.4212213;
 -0.3686235, 0.91045547, 0.18758357, 5.7258615;
 0.72025269, 0.15216821, 0.6768167, -15.454456;
 0, 0, 0, 1]
Ow:
[10.643595;
 -4.5618582;
 12.533007]
Keyframe: 87 Frame: 0 Frame from vFrameID : 0
Tcw:
[0.58894145, -0.35737449, 0.72486651, 10.660789;
 0.38307622, 0.91320091, 0.13898453, -4.5673075;
 -0.71161824, 0.19582537, 0.67472357, 12.525568;
 0, 0, 0, 1]
Twc:
[0.58894145, 0.38307622, -0.71161824, 4.384469;
 -0.35737449, 0.91320091, 0.19582537, 5.5279398;
 0.72486651, 0.13898453, 0.67472357, -15.54416;
 0, 0, 0, 1]
Ow:
[10.660789;
 -4.5673075;
 12.525568]
Keyframe: 88 Frame: 0 Frame from vFrameID : 0
Tcw:
[0.60770309, -0.34199798, 0.71675265, 10.796654;
 0.38648212, 0.91579854, 0.10929138, -4.635438;
 -0.69377846, 0.21059537, 0.68870968, 12.452604;
 0, 0, 0, 1]
Twc:
[0.60770309, 0.38648212, -0.69377846, 3.8697023;
 -0.34199798, 0.91579854, 0.21059537, 5.3151007;
 0.71675265, 0.10929138, 0.68870968, -15.808146;
 0, 0, 0, 1]
Ow:
[10.796654;
 -4.635438;
 12.452604]
Keyframe: 89 Frame: 0 Frame from vFrameID : 0
Tcw:
[0.59432554, -0.34073567, 0.72847539, 10.822201;
 0.3926211, 0.91346163, 0.10694148, -4.6522856;
 -0.70187312, 0.22245675, 0.67667359, 12.444227;
 0, 0, 0, 1]
Twc:
[0.59432554, 0.3926211, -0.70187312, 4.1289444;
 -0.34073567, 0.91346163, 0.22245675, 5.1688924;
 0.72847539, 0.10694148, 0.67667359, -15.806864;
 0, 0, 0, 1]
Ow:
[10.822201;
 -4.6522856;
 12.444227]
Keyframe: 90 Frame: 0 Frame from vFrameID : 0
Tcw:
[0.58792955, -0.34000006, 0.73398829, 10.834671;
 0.39300495, 0.9131493, 0.1081919, -4.6583643;
 -0.70702612, 0.22485182, 0.67048919, 12.429843;
 0, 0, 0, 1]
Twc:
[0.58792955, 0.39300495, -0.70702612, 4.2489605;
 -0.34000006, 0.9131493, 0.22485182, 5.1426978;
 0.73398829, 0.1081919, 0.67048919, -15.782598;
 0, 0, 0, 1]
Ow:
[10.834671;
 -4.6583643;
 12.429843]
Keyframe: 91 Frame: 0 Frame from vFrameID : 0
Tcw:
[0.57120913, -0.33433452, 0.74962693, 10.865275;
 0.39100286, 0.91383678, 0.10963158, -4.669373;
 -0.7216903, 0.23048371, 0.65271765, 12.404562;
 0, 0, 0, 1]
Twc:
[0.57120913, 0.39100286, -0.7216903, 4.5716457;
 -0.33433452, 0.91383678, 0.23048371, 5.0406322;
 0.74962693, 0.10963158, 0.65271765, -15.72967;
 0, 0, 0, 1]
Ow:
[10.865275;
 -4.669373;
 12.404562]
Keyframe: 92 Frame: 0 Frame from vFrameID : 0
Tcw:
[0.55325419, -0.33467859, 0.76282376, 10.891411;
 0.39337465, 0.91217029, 0.11489899, -4.671464;
 -0.73427933, 0.23650716, 0.63631612, 12.386696;
 0, 0, 0, 1]
Twc:
[0.55325419, 0.39337465, -0.73427933, 4.9072123;
 -0.33467859, 0.91217029, 0.23650716, 4.9767504;
 0.76282376, 0.11489899, 0.63631612, -15.653334;
 0, 0, 0, 1]
Ow:
[10.891411;
 -4.671464;
 12.386696]
Keyframe: 93 Frame: 0 Frame from vFrameID : 0
Tcw:
[0.52667391, -0.33894685, 0.77957016, 10.905206;
 0.39728341, 0.90889728, 0.12677382, -4.6645164;
 -0.75151879, 0.24294181, 0.61335045, 12.375942;
 0, 0, 0, 1]
Twc:
[0.52667391, 0.39728341, -0.75151879, 5.4104004;
 -0.33894685, 0.90889728, 0.24294181, 4.9292183;
 0.77957016, 0.12677382, 0.61335045, -15.500824;
 0, 0, 0, 1]
Ow:
[10.905206;
 -4.6645164;
 12.375942]
Keyframe: 94 Frame: 0 Frame from vFrameID : 0
Tcw:
