Keyframe: 0 Frame: 0 Frame from vFrameID : 0
Tcw:
[1, 0, 0, 0;
 0, 1, 0, 0;
 0, 0, 1, 0;
 0, 0, 0, 1]
Twc:
[1, 0, 0, 0;
 0, 1, 0, 0;
 0, 0, 1, 0;
 0, 0, 0, 1]
Ow:
[0;
 0;
 0]
Keyframe: 1 Frame: 0 Frame from vFrameID : 0
Tcw:
[0.9999851, 0.0013261372, 0.0052931951, 0.00025342655;
 -0.0013115871, 0.99999535, -0.00275138, 0.013158151;
 -0.0052968194, 0.0027443964, 0.99998218, 0.0060372679;
 0, 0, 0, 1]
Twc:
[0.9999851, -0.0013115871, -0.0052968194, -0.00020418639;
 0.0013261372, 0.99999535, 0.0027443964, -0.013174995;
 0.0052931951, -0.00275138, 0.99998218, -0.006002299;
 0, 0, 0, 1]
Ow:
[0.00025342655;
 0.013158151;
 0.0060372679]
Keyframe: 2 Frame: 0 Frame from vFrameID : 0
Tcw:
[0.99993902, 0.0047333892, 0.0099762706, 0.00026024375;
 -0.0047471598, 0.99998784, 0.0013570726, 0.03011502;
 -0.0099697253, -0.0014043488, 0.99994934, 0.012161781;
 0, 0, 0, 1]
Twc:
[0.99993902, -0.0047471598, -0.0099697253, 3.9825245e-06;
 0.0047333892, 0.99998784, -0.0014043488, -0.030098803;
 0.0099762706, 0.0013570726, 0.99994934, -0.012204629;
 0, 0, 0, 1]
Ow:
[0.00026024375;
 0.03011502;
 0.012161781]
Keyframe: 3 Frame: 0 Frame from vFrameID : 0
Tcw:
[0.99994183, -0.0053331554, 0.0093787331, -0.0041158902;
 0.0047731823, 0.99826145, 0.058747716, 0.19772166;
 -0.0096757384, -0.05869953, 0.99822879, 0.060225464;
 0, 0, 0, 1]
Twc:
[0.99994183, 0.0047731823, -0.0096757384, 0.0037546149;
 -0.0053331554, 0.99826145, -0.05869953, -0.19386467;
 0.0093787331, 0.058747716, 0.99822879, -0.071695887;
 0, 0, 0, 1]
Ow:
[-0.0041158902;
 0.19772166;
 0.060225464]
Keyframe: 4 Frame: 0 Frame from vFrameID : 0
Tcw:
[0.99996859, 0.0006499599, 0.0078971339, -0.0055846507;
 -0.0012576946, 0.99701506, 0.077197015, 0.23127341;
 -0.0078233872, -0.077204525, 0.9969846, 0.066380598;
 0, 0, 0, 1]
Twc:
[0.99996859, -0.0012576946, -0.0078233872, 0.0063946676;
 0.0006499599, 0.99701506, -0.077204525, -0.22545455;
 0.0078971339, 0.077197015, 0.9969846, -0.083989941;
 0, 0, 0, 1]
Ow:
[-0.0055846507;
 0.23127341;
 0.066380598]
Keyframe: 5 Frame: 0 Frame from vFrameID : 0
Tcw:
[0.9999668, 0.0036998768, 0.0072563435, -0.0069083273;
 -0.0044706757, 0.994003, 0.1092615, 0.2564227;
 -0.0068085734, -0.10929031, 0.99398655, 0.069820061;
 0, 0, 0, 1]
Twc:
[0.9999668, -0.0044706757, -0.0068085734, 0.0085298559;
 0.0036998768, 0.994003, -0.10929031, -0.24722873;
 0.0072563435, 0.1092615, 0.99398655, -0.097367197;
 0, 0, 0, 1]
Ow:
[-0.0069083273;
 0.2564227;
 0.069820061]
Keyframe: 6 Frame: 0 Frame from vFrameID : 0
Tcw:
[0.99998534, 0.0017143606, 0.0051338868, -0.0084061213;
 -0.0024145953, 0.99019635, 0.13966151, 0.26096991;
 -0.0048441258, -0.13967186, 0.99018598, 0.068758704;
 0, 0, 0, 1]
Twc:
[0.99998534, -0.0024145953, -0.0048441258, 0.0093692113;
 0.0017143606, 0.99019635, -0.13967186, -0.24879339;
 0.0051338868, 0.13966151, 0.99018598, -0.10448821;
 0, 0, 0, 1]
Ow:
[-0.0084061213;
 0.26096991;
 0.068758704]
Keyframe: 7 Frame: 0 Frame from vFrameID : 0
Tcw:
[0.99998039, 0.0043499973, 0.0044989511, -0.010697091;
 -0.004918688, 0.9907946, 0.13528444, 0.21363923;
 -0.0038690497, -0.13530391, 0.99079657, 0.055600893;
 0, 0, 0, 1]
Twc:
[0.99998039, -0.004918688, -0.0038690497, 0.011962829;
 0.0043499973, 0.9907946, -0.13530391, -0.20410304;
 0.0044989511, 0.13528444, 0.99079657, -0.083943114;
 0, 0, 0, 1]
Ow:
[-0.010697091;
 0.21363923;
 0.055600893]
Keyframe: 8 Frame: 0 Frame from vFrameID : 0
Tcw:
[0.99936616, 0.024132634, 0.026170082, -0.011044467;
 -0.026558118, 0.99496061, 0.096685372, 0.12262641;
 -0.023704929, -0.097319119, 0.99497086, 0.036588252;
 0, 0, 0, 1]
Twc:
[0.99936616, -0.026558118, -0.023704929, 0.015161516;
 0.024132634, 0.99496061, -0.097319119, -0.11818118;
 0.026170082, 0.096685372, 0.99497086, -0.04797139;
 0, 0, 0, 1]
Ow:
[-0.011044467;
 0.12262641;
 0.036588252]
Keyframe: 9 Frame: 0 Frame from vFrameID : 0
Tcw:
[0.99886858, 0.023021262, 0.041612837, -0.015620461;
 -0.022061657, 0.99948335, -0.023374341, -0.098795168;
 -0.042129446, 0.022429846, 0.99886036, -0.013825987;
 0, 0, 0, 1]
Twc:
[0.99886858, -0.022061657, -0.042129446, 0.012840721;
 0.023021262, 0.99948335, 0.022429846, 0.099413842;
 0.041612837, -0.023374341, 0.99886036, 0.012150969;
 0, 0, 0, 1]
Ow:
[-0.015620461;
 -0.098795168;
 -0.013825987]
Keyframe: 10 Frame: 0 Frame from vFrameID : 0
Tcw:
[0.9989472, 0.016847426, 0.042668551, -0.0015046329;
 -0.021237884, 0.99428445, 0.10462954, 0.22143404;
 -0.040661942, -0.10542557, 0.99359554, 0.060586996;
 0, 0, 0, 1]
Twc:
[0.9989472, -0.021237884, -0.040661942, 0.0086694239;
 0.016847426, 0.99428445, -0.10542557, -0.21375567;
 0.042668551, 0.10462954, 0.99359554, -0.08330331;
 0, 0, 0, 1]
Ow:
[-0.0015046329;
 0.22143404;
 0.060586996]
Keyframe: 11 Frame: 0 Frame from vFrameID : 0
Tcw:
[0.99676508, 0.0089969877, 0.079865165, -0.0052252566;
 -0.0083106495, 0.99992567, -0.0089219622, -0.11246466;
 -0.079939499, 0.0082293693, 0.99676573, -0.022423171;
 0, 0, 0, 1]
Twc:
[0.99676508, -0.0083106495, -0.079939499, 0.0024812017;
 0.0089969877, 0.99992567, 0.0082293693, 0.11268784;
 0.079865165, -0.0089219622, 0.99676573, 0.02176456;
 0, 0, 0, 1]
Ow:
[-0.0052252566;
 -0.11246466;
 -0.022423171]
Keyframe: 12 Frame: 0 Frame from vFrameID : 0
Tcw:
[0.99648803, 0.022892879, 0.080545373, 0.002657488;
 -0.02117255, 0.99953049, -0.022148238, -0.052196968;
 -0.081014596, 0.020365104, 0.99650484, -0.0047184508;
 0, 0, 0, 1]
Twc:
[0.99648803, -0.02117255, -0.081014596, -0.0041355612;
 0.022892879, 0.99953049, 0.020365104, 0.052207716;
 0.080545373, -0.022148238, 0.99650484, 0.0033318398;
 0, 0, 0, 1]
Ow:
[0.002657488;
 -0.052196968;
 -0.0047184508]
Keyframe: 13 Frame: 0 Frame from vFrameID : 0
Tcw:
[0.99799991, 0.0051220278, 0.063007757, 0.012135519;
 -0.010892816, 0.99573731, 0.091589272, 0.17189598;
 -0.062270049, -0.092092417, 0.99380147, 0.056058675;
 0, 0, 0, 1]
Twc:
[0.99799991, -0.010892816, -0.062270049, -0.0067480383;
 0.0051220278, 0.99573731, -0.092092417, -0.16606282;
 0.063007757, 0.091589272, 0.99380147, -0.072219655;
 0, 0, 0, 1]
Ow:
[0.012135519;
 0.17189598;
 0.056058675]
Keyframe: 14 Frame: 0 Frame from vFrameID : 0
Tcw:
[0.99899715, 0.024007484, 0.037793465, 0.0075985333;
 -0.028619945, 0.99153286, 0.12666304, 0.21596326;
 -0.034432601, -0.12761767, 0.99122554, 0.060380664;
 0, 0, 0, 1]
Twc:
[0.99899715, -0.028619945, -0.034432601, 0.00066900719;
 0.024007484, 0.99153286, -0.12761767, -0.20661144;
 0.037793465, 0.12666304, 0.99122554, -0.0874926;
 0, 0, 0, 1]
Ow:
[0.0075985333;
 0.21596326;
 0.060380664]
Keyframe: 15 Frame: 0 Frame from vFrameID : 0
Tcw:
[0.99484301, 0.021256404, 0.099174537, -0.0012099904;
 -0.017343877, 0.99904323, -0.040147722, -0.15817979;
 -0.099933051, 0.03822061, 0.99425983, -0.020889128;
 0, 0, 0, 1]
Twc:
[0.99484301, -0.017343877, -0.099933051, -0.0036272146;
 0.021256404, 0.99904323, 0.03822061, 0.15885256;
 0.099174537, -0.040147722, 0.99425983, 0.014538662;
 0, 0, 0, 1]
Ow:
[-0.0012099904;
 -0.15817979;
 -0.020889128]
Keyframe: 16 Frame: 0 Frame from vFrameID : 0
Tcw:
[0.99937564, 0.0094178235, 0.03405292, 0.01423504;
 -0.014279758, 0.9892574, 0.14548503, 0.099079207;
 -0.032316953, -0.14588048, 0.98877424, 0.015417206;
 0, 0, 0, 1]
Twc:
[0.99937564, -0.014279758, -0.032316953, -0.012313088;
 0.0094178235, 0.9892574, -0.14588048, -0.095899828;
 0.03405292, 0.14548503, 0.98877424, -0.030143423;
 0, 0, 0, 1]
Ow:
[0.01423504;
 0.099079207;
 0.015417206]
Keyframe: 17 Frame: 0 Frame from vFrameID : 0
Tcw:
[0.99602085, -0.033252224, 0.082684495, 0.0053717298;
 0.0061179921, 0.95110798, 0.30879804, 0.095704578;
 -0.088910103, -0.30706343, 0.94752681, -0.010273827;
 0, 0, 0, 1]
Twc:
[0.99602085, 0.0061179921, -0.088910103, -0.0068493215;
 -0.033252224, 0.95110798, -0.30706343, -0.094001479;
 0.082684495, 0.30879804, 0.94752681, -0.020262819;
 0, 0, 0, 1]
Ow:
[0.0053717298;
 0.095704578;
 -0.010273827]
Keyframe: 18 Frame: 0 Frame from vFrameID : 0
Tcw:
[0.99615496, -0.045624711, 0.074791029, 0.017523799;
 0.011996877, 0.91668993, 0.39941907, 0.091668487;
 -0.086783566, -0.39698604, 0.91371262, -0.040940449;
 0, 0, 0, 1]
Twc:
[0.99615496, 0.011996877, -0.086783566, -0.022109114;
 -0.045624711, 0.91668993, -0.39698604, -0.099484853;
 0.074791029, 0.39941907, 0.91371262, -0.00051696226;
 0, 0, 0, 1]
Ow:
[0.017523799;
 0.091668487;
 -0.040940449]
Keyframe: 19 Frame: 0 Frame from vFrameID : 0
Tcw:
[0.99861825, -0.017492715, 0.049554586, 0.037092917;
 -0.0024200617, 0.92666495, 0.37588054, 0.084322877;
 -0.05249567, -0.37548107, 0.9253422, -0.025899429;
 0, 0, 0, 1]
Twc:
[0.99861825, -0.0024200617, -0.05249567, -0.038197204;
 -0.017492715, 0.92666495, -0.37548107, -0.087214947;
 0.049554586, 0.37588054, 0.9253422, -0.0095676184;
 0, 0, 0, 1]
Ow:
[0.037092917;
 0.084322877;
 -0.025899429]
Keyframe: 20 Frame: 0 Frame from vFrameID : 0
Tcw:
[0.99773991, -0.037439212, 0.055797528, 0.10820334;
 0.012745463, 0.92076457, 0.38991049, 0.077157967;
 -0.065974325, -0.38831809, 0.91916072, -0.0062275827;
 0, 0, 0, 1]
Twc:
[0.99773991, 0.012745463, -0.065974325, -0.10935307;
 -0.037439212, 0.92076457, -0.38831809, -0.069411553;
 0.055797528, 0.38991049, 0.91916072, -0.03039803;
 0, 0, 0, 1]
Ow:
[0.10820334;
 0.077157967;
 -0.0062275827]
Keyframe: 21 Frame: 0 Frame from vFrameID : 0
Tcw:
[0.99222159, -0.075095557, 0.099282332, 0.23647442;
 0.032746918, 0.92691714, 0.37383452, 0.06826555;
 -0.12009981, -0.36767548, 0.92216635, 0.0094518997;
 0, 0, 0, 1]
Twc:
[0.99222159, 0.032746918, -0.12009981, -0.23573534;
 -0.075095557, 0.92691714, -0.36767548, -0.042043097;
 0.099282332, 0.37383452, 0.92216635, -0.057713974;
 0, 0, 0, 1]
Ow:
[0.23647442;
 0.06826555;
 0.0094518997]
Keyframe: 22 Frame: 0 Frame from vFrameID : 0
Tcw:
[0.99003428, -0.090011105, 0.10830579, 0.30507654;
 0.040557493, 0.91872913, 0.39280006, 0.079737738;
 -0.13486005, -0.3844929, 0.91322392, 0.016516313;
 0, 0, 0, 1]
Twc:
[0.99003428, 0.040557493, -0.13486005, -0.30304283;
 -0.090011105, 0.91872913, -0.3844929, -0.0394467;
 0.10830579, 0.39280006, 0.91322392, -0.079445638;
 0, 0, 0, 1]
Ow:
[0.30507654;
 0.079737738;
 0.016516313]
Keyframe: 23 Frame: 0 Frame from vFrameID : 0
Tcw:
[0.99151516, -0.083322957, 0.099774756, 0.24483544;
 0.037107185, 0.91703659, 0.39707297, 0.078763783;
 -0.12458239, -0.39000151, 0.91234756, 0.0029631257;
 0, 0, 0, 1]
Twc:
[0.99151516, 0.037107185, -0.12458239, -0.24531159;
 -0.083322957, 0.91703659, -0.39000151, -0.050673239;
 0.099774756, 0.39707297, 0.91234756, -0.058406763;
 0, 0, 0, 1]
Ow:
[0.24483544;
 0.078763783;
 0.0029631257]
Keyframe: 24 Frame: 0 Frame from vFrameID : 0
Tcw:
[0.99639577, -0.058795076, 0.061144352, 0.10148029;
 0.031553246, 0.92599016, 0.37622675, 0.075742632;
 -0.078739353, -0.37294143, 0.92450786, -0.017241737;
 0, 0, 0, 1]
Twc:
[0.99639577, 0.031553246, -0.078739353, -0.10486206;
 -0.058795076, 0.92599016, -0.37294143, -0.070600554;
 0.061144352, 0.37622675, 0.92450786, -0.018761231;
 0, 0, 0, 1]
Ow:
[0.10148029;
 0.075742632;
 -0.017241737]
Keyframe: 25 Frame: 0 Frame from vFrameID : 0
Tcw:
[0.99902779, -0.030050687, 0.032255631, -0.08677718;
 0.015639294, 0.92566973, 0.37800914, 0.0834952;
 -0.041217495, -0.37713718, 0.9252398, -0.033727936;
 0, 0, 0, 1]
Twc:
[0.99902779, 0.015639294, -0.041217495, 0.083996832;
 -0.030050687, 0.92566973, -0.37713718, -0.092616752;
 0.032255631, 0.37800914, 0.9252398, 0.0024435371;
 0, 0, 0, 1]
Ow:
[-0.08677718;
 0.0834952;
 -0.033727936]
Keyframe: 26 Frame: 0 Frame from vFrameID : 0
Tcw:
[0.99964207, -0.011626939, -0.024095539, -0.21667947;
 0.020135291, 0.91999364, 0.39141575, 0.10123739;
 0.017616775, -0.3917608, 0.91989845, -0.04294952;
 0, 0, 0, 1]
Twc:
[0.99964207, 0.020135291, 0.017616775, 0.2153201;
 -0.011626939, 0.91999364, -0.3917608, -0.11248301;
 -0.024095539, 0.39141575, 0.91989845, -0.0053377189;
 0, 0, 0, 1]
Ow:
[-0.21667947;
 0.10123739;
 -0.04294952]
Keyframe: 27 Frame: 0 Frame from vFrameID : 0
Tcw:
[0.99981892, -0.0040805056, -0.018586956, -0.21006872;
 0.010795547, 0.9259783, 0.37742233, 0.097523637;
 0.015671045, -0.37755466, 0.92585468, -0.052042495;
 0, 0, 0, 1]
Twc:
[0.99981892, 0.010795547, 0.015671045, 0.20979342;
 -0.0040805056, 0.9259783, -0.37755466, -0.11081085;
 -0.018586956, 0.37742233, 0.92585468, 0.0074716508;
 0, 0, 0, 1]
Ow:
[-0.21006872;
 0.097523637;
 -0.052042495]
Keyframe: 28 Frame: 0 Frame from vFrameID : 0
Tcw:
[0.99940962, -0.023101049, 0.025432412, -0.055017255;
 0.011499344, 0.92243224, 0.3859877, 0.089329138;
 -0.032376397, -0.38546735, 0.92215329, -0.05242981;
 0, 0, 0, 1]
Twc:
[0.99940962, 0.011499344, -0.032376397, 0.052260056;
 -0.023101049, 0.92243224, -0.38546735, -0.10388102;
 0.025432412, 0.3859877, 0.92215329, 0.015267596;
 0, 0, 0, 1]
Ow:
[-0.055017255;
 0.089329138;
 -0.05242981]
Keyframe: 29 Frame: 0 Frame from vFrameID : 0
Tcw:
[0.99881256, -0.037787154, 0.030749997, 0.097320862;
 0.022701876, 0.9194724, 0.39249852, 0.08779572;
 -0.043105178, -0.39133438, 0.91923845, -0.036105178;
 0, 0, 0, 1]
Twc:
[0.99881256, 0.022701876, -0.043105178, -0.10075475;
 -0.037787154, 0.9194724, -0.39133438, -0.091177464;
 0.030749997, 0.39249852, 0.91923845, -0.004263036;
 0, 0, 0, 1]
Ow:
[0.097320862;
 0.08779572;
 -0.036105178]
Keyframe: 30 Frame: 0 Frame from vFrameID : 0
Tcw:
[0.99357474, -0.056579996, 0.098020226, 0.16690701;
 0.020056421, 0.94038624, 0.33951661, 0.10270248;
 -0.11138672, -0.33536917, 0.93547875, -0.0041156784;
 0, 0, 0, 1]
Twc:
[0.99357474, 0.020056421, -0.11138672, -0.16835286;
 -0.056579996, 0.94038624, -0.33536917, -0.088516667;
 0.098020226, 0.33951661, 0.93547875, -0.04737933;
 0, 0, 0, 1]
Ow:
[0.16690701;
 0.10270248;
 -0.0041156784]
Keyframe: 31 Frame: 0 Frame from vFrameID : 0
Tcw:
[0.97786391, -0.10352557, 0.1818369, 0.20279416;
 0.04492636, 0.95263875, 0.30076736, 0.091058925;
 -0.20436199, -0.28594029, 0.93620205, 0.040751308;
 0, 0, 0, 1]
Twc:
[0.97786391, 0.04492636, -0.20436199, -0.19406801;
 -0.10352557, 0.95263875, -0.28594029, -0.054099441;
 0.1818369, 0.30076736, 0.93620205, -0.10241447;
 0, 0, 0, 1]
Ow:
[0.20279416;
 0.091058925;
 0.040751308]
Keyframe: 32 Frame: 0 Frame from vFrameID : 0
Tcw:
[0.98471564, -0.10359818, 0.14000921, 0.21146809;
 0.052944094, 0.94387233, 0.32603982, 0.060292892;
 -0.16592795, -0.31364384, 0.93493074, 0.1334617;
 0, 0, 0, 1]
Twc:
[0.98471564, 0.052944094, -0.16592795, -0.18928304;
 -0.10359818, 0.94387233, -0.31364384, 0.0068583563;
 0.14000921, 0.32603982, 0.93493074, -0.17404281;
 0, 0, 0, 1]
Ow:
[0.21146809;
 0.060292892;
 0.1334617]
Keyframe: 33 Frame: 0 Frame from vFrameID : 0
Tcw:
[0.99933892, -0.0071715908, -0.035640564, 0.085251279;
 0.018100223, 0.94835615, 0.31669068, 0.042558536;
 0.031528771, -0.31712642, 0.94785905, 0.20128997;
 0, 0, 0, 1]
Twc:
[0.99933892, 0.018100223, 0.031528771, -0.092311673;
 -0.0071715908, 0.94835615, -0.31712642, 0.024085108;
 -0.035640564, 0.31669068, 0.94785905, -0.201234;
 0, 0, 0, 1]
Ow:
[0.085251279;
 0.042558536;
 0.20128997]
