Keyframe: 0 Frame: 0 Frame from vFrameID : 0
Tcw:
[1, 0, 0, 0;
 0, 1, 0, 0;
 0, 0, 1, 0;
 0, 0, 0, 1]
Twc:
[1, 0, 0, 0;
 0, 1, 0, 0;
 0, 0, 1, 0;
 0, 0, 0, 1]
Ow:
[0;
 0;
 0]
Keyframe: 1 Frame: 0 Frame from vFrameID : 0
Tcw:
[0.99815416, -0.016715055, 0.058385752, 0.052523021;
 0.016755858, 0.99985957, -0.00020929347, 0.022192074;
 -0.058374058, 0.0011872106, 0.99829406, -0.025854088;
 0, 0, 0, 1]
Twc:
[0.99815416, 0.016755858, -0.058374058, -0.054307126;
 -0.016715055, 0.99985957, 0.0011872106, -0.021280339;
 0.058385752, -0.00020929347, 0.99829406, 0.022748031;
 0, 0, 0, 1]
Ow:
[0.052523021;
 0.022192074;
 -0.025854088]
Keyframe: 2 Frame: 0 Frame from vFrameID : 0
Tcw:
[0.99192244, -0.04341029, 0.11918673, 0.10543127;
 0.043232411, 0.9990567, 0.0040788567, 0.044002358;
 -0.11925136, 0.0011068203, 0.99286348, -0.049394421;
 0, 0, 0, 1]
Twc:
[0.99192244, 0.043232411, -0.11925136, -0.11237232;
 -0.04341029, 0.9990567, 0.0011068203, -0.03932938;
 0.11918673, 0.0040788567, 0.99286348, 0.036296431;
 0, 0, 0, 1]
Ow:
[0.10543127;
 0.044002358;
 -0.049394421]
Keyframe: 3 Frame: 0 Frame from vFrameID : 0
Tcw:
[0.98187101, -0.071584262, 0.17551354, 0.14715099;
 0.069873162, 0.99742889, 0.015917711, 0.066799395;
 -0.17620173, -0.0033654526, 0.9843483, -0.076221488;
 0, 0, 0, 1]
Twc:
[0.98187101, 0.069873162, -0.17620173, -0.16258115;
 -0.071584262, 0.99742889, -0.0033654526, -0.05635047;
 0.17551354, 0.015917711, 0.9843483, 0.048138209;
 0, 0, 0, 1]
Ow:
[0.14715099;
 0.066799395;
 -0.076221488]
Keyframe: 4 Frame: 0 Frame from vFrameID : 0
Tcw:
[0.97628379, -0.086537227, 0.19844705, 0.15975817;
 0.08382795, 0.99623668, 0.022029532, 0.077986509;
 -0.19960661, -0.004871666, 0.979864, -0.09013328;
 0, 0, 0, 1]
Twc:
[0.97628379, 0.08382795, -0.19960661, -0.18049796;
 -0.086537227, 0.99623668, -0.004871666, -0.064307094;
 0.19844705, 0.022029532, 0.979864, 0.054896813;
 0, 0, 0, 1]
Ow:
[0.15975817;
 0.077986509;
 -0.09013328]
Keyframe: 5 Frame: 0 Frame from vFrameID : 0
Tcw:
[0.96841013, -0.10830859, 0.22461312, 0.16402774;
 0.1048853, 0.99411356, 0.027153611, 0.096638829;
 -0.2262319, -0.0027372199, 0.9740696, -0.11799771;
 0, 0, 0, 1]
Twc:
[0.96841013, 0.1048853, -0.2262319, -0.19567695;
 -0.10830859, 0.99411356, -0.0027372199, -0.07862734;
 0.22461312, 0.027153611, 0.9740696, 0.075471118;
 0, 0, 0, 1]
Ow:
[0.16402774;
 0.096638829;
 -0.11799771]
Keyframe: 6 Frame: 0 Frame from vFrameID : 0
Tcw:
[0.96532273, -0.12208799, 0.23075223, 0.14114371;
 0.12014247, 0.99250126, 0.02251859, 0.11046077;
 -0.23177111, 0.005985437, 0.97275192, -0.1467651;
 0, 0, 0, 1]
Twc:
[0.96532273, 0.12014247, -0.23177111, -0.18353617;
 -0.12208799, 0.99250126, 0.005985437, -0.091522038;
 0.23075223, 0.02251859, 0.97275192, 0.10770939;
 0, 0, 0, 1]
Ow:
[0.14114371;
 0.11046077;
 -0.1467651]
Keyframe: 7 Frame: 0 Frame from vFrameID : 0
Tcw:
[0.96505791, -0.11590386, 0.23500964, 0.079275005;
 0.11750533, 0.99304593, 0.0072270054, 0.12906693;
 -0.23421301, 0.020640407, 0.97196615, -0.19607423;
 0, 0, 0, 1]
Twc:
[0.96505791, 0.11750533, -0.23421301, -0.13759416;
 -0.11590386, 0.99304593, 0.020640407, -0.11493406;
 0.23500964, 0.0072270054, 0.97196615, 0.17101437;
 0, 0, 0, 1]
Ow:
[0.079275005;
 0.12906693;
 -0.19607423]
Keyframe: 8 Frame: 0 Frame from vFrameID : 0
Tcw:
[0.96757948, -0.1009036, 0.23153476, 0.037619356;
 0.10450604, 0.99451876, -0.0033143447, 0.14040831;
 -0.22993124, 0.027403673, 0.972821, -0.22484009;
 0, 0, 0, 1]
Twc:
[0.96757948, 0.10450604, -0.22993124, -0.102771;
 -0.1009036, 0.99451876, 0.027403673, -0.12968132;
 0.23153476, -0.0033143447, 0.972821, 0.21048433;
 0, 0, 0, 1]
Ow:
[0.037619356;
 0.14040831;
 -0.22484009]
Keyframe: 9 Frame: 0 Frame from vFrameID : 0
Tcw:
[0.96871841, -0.095094495, 0.22921975, -0.0080259964;
 0.09728153, 0.99525535, 0.0017663942, 0.15166521;
 -0.22830015, 0.020587709, 0.97337312, -0.2488568;
 0, 0, 0, 1]
Twc:
[0.96871841, 0.09728153, -0.22830015, -0.063793339;
 -0.095094495, 0.99525535, 0.020587709, -0.14658545;
 0.22921975, 0.0017663942, 0.97337312, 0.24380232;
 0, 0, 0, 1]
Ow:
[-0.0080259964;
 0.15166521;
 -0.2488568]
Keyframe: 10 Frame: 0 Frame from vFrameID : 0
Tcw:
[0.97036606, -0.077554084, 0.22885592, -0.017040033;
 0.081835337, 0.99660283, -0.0092618112, 0.1466189;
 -0.22736017, 0.027715851, 0.97341627, -0.2392263;
 0, 0, 0, 1]
Twc:
[0.97036606, 0.081835337, -0.22736017, -0.04985407;
 -0.077554084, 0.99660283, 0.027715851, -0.14081198;
 0.22885592, -0.0092618112, 0.97341627, 0.23812443;
 0, 0, 0, 1]
Ow:
[-0.017040033;
 0.1466189;
 -0.2392263]
Keyframe: 11 Frame: 0 Frame from vFrameID : 0
Tcw:
[0.96993208, -0.066054769, 0.23424028, -0.004328724;
 0.071612641, 0.99731529, -0.015291828, 0.1295661;
 -0.23260131, 0.0316066, 0.97205848, -0.21188584;
 0, 0, 0, 1]
Twc:
[0.96993208, 0.071612641, -0.23260131, -0.054364927;
 -0.066054769, 0.99731529, 0.0316066, -0.1228072;
 0.23424028, -0.015291828, 0.97205848, 0.20896068;
 0, 0, 0, 1]
Ow:
[-0.004328724;
 0.1295661;
 -0.21188584]
Keyframe: 12 Frame: 0 Frame from vFrameID : 0
Tcw:
[0.98734123, -0.021705184, 0.15711848, 0.095629029;
 0.01933213, 0.99967504, 0.016616266, -0.037003525;
 -0.15742809, -0.013368489, 0.98743999, -0.00016239285;
 0, 0, 0, 1]
Twc:
[0.98734123, 0.01933213, -0.15742809, -0.093728684;
 -0.021705184, 0.99967504, -0.013368489, 0.039064974;
 0.15711848, 0.016616266, 0.98743999, -0.014249873;
 0, 0, 0, 1]
Ow:
[0.095629029;
 -0.037003525;
 -0.00016239285]
Keyframe: 13 Frame: 0 Frame from vFrameID : 0
Tcw:
[0.99881929, 0.048578735, 0.00040713535, 0.058655567;
 -0.048531424, 0.99815279, -0.036547612, -0.10702256;
 -0.0021818201, 0.036484703, 0.99933183, 0.084952801;
 0, 0, 0, 1]
Twc:
[0.99881929, -0.048531424, -0.0021818201, -0.063594915;
 0.048578735, 0.99815279, 0.036484703, 0.10087597;
 0.00040713535, -0.036547612, 0.99933183, -0.088831335;
 0, 0, 0, 1]
Ow:
[0.058655567;
 -0.10702256;
 0.084952801]
