Keyframe: 0 Frame: 0 Frame from vFrameID : 0
Tcw:
[1, 0, 0, 0;
 0, 1, 0, 0;
 0, 0, 1, 0;
 0, 0, 0, 1]
Twc:
[1, 0, 0, 0;
 0, 1, 0, 0;
 0, 0, 1, 0;
 0, 0, 0, 1]
Ow:
[0;
 0;
 0]
Keyframe: 1 Frame: 0 Frame from vFrameID : 0
Tcw:
[0.9998126, -0.0038247248, 0.018978043, 0.02456506;
 0.0038138754, 0.99999255, 0.00060784514, -0.0126987;
 -0.018980226, -0.00053535134, 0.9998197, 0.015245652;
 0, 0, 0, 1]
Twc:
[0.9998126, 0.0038138754, -0.018980226, -0.024222657;
 -0.0038247248, 0.99999255, -0.00053535134, 0.012800721;
 0.018978043, 0.00060784514, 0.9998197, -0.015701381;
 0, 0, 0, 1]
Ow:
[0.02456506;
 -0.0126987;
 0.015245652]
Keyframe: 2 Frame: 0 Frame from vFrameID : 0
Tcw:
[0.99934971, -0.0047383411, 0.035745408, 0.047451161;
 0.0047720233, 0.99998826, -0.00085701392, -0.026751654;
 -0.035740927, 0.0010270345, 0.99936056, 0.032654651;
 0, 0, 0, 1]
Twc:
[0.99934971, 0.0047720233, -0.035740927, -0.046125539;
 -0.0047383411, 0.99998826, 0.0010270345, 0.026942642;
 0.035745408, -0.00085701392, 0.99936056, -0.034352858;
 0, 0, 0, 1]
Ow:
[0.047451161;
 -0.026751654;
 0.032654651]
Keyframe: 3 Frame: 0 Frame from vFrameID : 0
Tcw:
[0.99833858, 0.0015929907, 0.057598472, 0.087366179;
 -0.00061064778, 0.99985415, -0.017068598, -0.059579443;
 -0.057617262, 0.017005067, 0.99819392, 0.073615938;
 0, 0, 0, 1]
Twc:
[0.99833858, -0.00061064778, -0.057617262, -0.083015859;
 0.0015929907, 0.99985415, 0.017005067, 0.058179736;
 0.057598472, -0.017068598, 0.99819392, -0.079532072;
 0, 0, 0, 1]
Ow:
[0.087366179;
 -0.059579443;
 0.073615938]
Keyframe: 4 Frame: 0 Frame from vFrameID : 0
Tcw:
[0.9980855, 0.0068698833, 0.061466902, 0.11526195;
 -0.0043064342, 0.99911922, -0.041740239, -0.095080584;
 -0.061699517, 0.041395623, 0.99723595, 0.11741976;
 0, 0, 0, 1]
Twc:
[0.9980855, -0.0043064342, -0.061699517, -0.108206;
 0.0068698833, 0.99911922, 0.041395623, 0.089344338;
 0.061466902, -0.041740239, 0.99723595, -0.1281487;
 0, 0, 0, 1]
Ow:
[0.11526195;
 -0.095080584;
 0.11741976]
Keyframe: 5 Frame: 0 Frame from vFrameID : 0
Tcw:
[0.99850804, 0.004050286, 0.054454442, 0.12387142;
 -0.00082853262, 0.99825424, -0.059057049, -0.12732644;
 -0.054598577, 0.058923822, 0.9967683, 0.15790048;
 0, 0, 0, 1]
Twc:
[0.99850804, -0.00082853262, -0.054598577, -0.11517096;
 0.004050286, 0.99825424, 0.058923822, 0.11729836;
 0.054454442, -0.059057049, 0.9967683, -0.17165506;
 0, 0, 0, 1]
Ow:
[0.12387142;
 -0.12732644;
 0.15790048]
Keyframe: 6 Frame: 0 Frame from vFrameID : 0
Tcw:
[0.99931419, 0.011013362, 0.035353243, 0.10905356;
 -0.0085831266, 0.99763668, -0.068171769, -0.15183726;
 -0.036020491, 0.067821577, 0.99704701, 0.1913936;
 0, 0, 0, 1]
Twc:
[0.99931419, -0.0085831266, -0.036020491, -0.10338791;
 0.011013362, 0.99763668, 0.067821577, 0.13729675;
 0.035353243, -0.068171769, 0.99704701, -0.20503482;
 0, 0, 0, 1]
Ow:
[0.10905356;
 -0.15183726;
 0.1913936]
Keyframe: 7 Frame: 0 Frame from vFrameID : 0
Tcw:
[0.99942756, 0.033489559, -0.0048010042, 0.07067211;
 -0.033755925, 0.99659783, -0.075188436, -0.16565345;
 0.0022666429, 0.075307459, 0.99715781, 0.21728903;
 0, 0, 0, 1]
Twc:
[0.99942756, -0.033755925, 0.0022666429, -0.076715954;
 0.033489559, 0.99659783, 0.075307459, 0.14635961;
 -0.0048010042, -0.075188436, 0.99715781, -0.22878738;
 0, 0, 0, 1]
Ow:
[0.07067211;
 -0.16565345;
 0.21728903]
Keyframe: 8 Frame: 0 Frame from vFrameID : 0
Tcw:
[0.9982236, 0.05127158, -0.03034503, 0.04328198;
 -0.053519871, 0.99546725, -0.07861644, -0.16850598;
 0.026176695, 0.080100857, 0.99644297, 0.22567725;
 0, 0, 0, 1]
Twc:
[0.9982236, -0.053519871, 0.026176695, -0.058131002;
 0.05127158, 0.99546725, 0.080100857, 0.14744611;
 -0.03034503, -0.07861644, 0.99644297, -0.23680846;
 0, 0, 0, 1]
Ow:
[0.04328198;
 -0.16850598;
 0.22567725]
Keyframe: 9 Frame: 0 Frame from vFrameID : 0
Tcw:
[0.99106866, 0.090618409, -0.097832344, -0.023750102;
 -0.098474808, 0.9920224, -0.078704104, -0.16521879;
 0.089919835, 0.087635197, 0.99208593, 0.23014036;
 0, 0, 0, 1]
Twc:
[0.99106866, -0.098474808, 0.089919835, -0.013426088;
 0.090618409, 0.9920224, 0.087635197, 0.14588453;
 -0.097832344, -0.078704104, 0.99208593, -0.24364594;
 0, 0, 0, 1]
Ow:
[-0.023750102;
 -0.16521879;
 0.23014036]
Keyframe: 10 Frame: 0 Frame from vFrameID : 0
Tcw:
[0.9762997, 0.1312045, -0.17211689, -0.097615242;
 -0.14376684, 0.98762828, -0.062621668, -0.15077236;
 0.16177127, 0.085882224, 0.98308408, 0.22095349;
 0, 0, 0, 1]
Twc:
[0.9762997, -0.14376684, 0.16177127, 0.037881743;
 0.1312045, 0.98762828, 0.085882224, 0.14273863;
 -0.17211689, -0.062621668, 0.98308408, -0.2434587;
 0, 0, 0, 1]
Ow:
[-0.097615242;
 -0.15077236;
 0.22095349]
Keyframe: 11 Frame: 0 Frame from vFrameID : 0
Tcw:
[0.96708518, 0.14897761, -0.20628127, -0.13363206;
 -0.16263583, 0.98537642, -0.050822232, -0.14089553;
 0.19569333, 0.082698151, 0.97717202, 0.21307941;
 0, 0, 0, 1]
Twc:
[0.96708518, -0.16263583, 0.19569333, 0.064620703;
 0.14897761, 0.98537642, 0.082698151, 0.14112204;
 -0.20628127, -0.050822232, 0.97717202, -0.24294165;
 0, 0, 0, 1]
Ow:
[-0.13363206;
 -0.14089553;
 0.21307941]
Keyframe: 12 Frame: 0 Frame from vFrameID : 0
Tcw:
[0.94638503, 0.17640415, -0.27062327, -0.19691887;
 -0.19019809, 0.981417, -0.02540279, -0.11772214;
 0.26111314, 0.075512849, 0.96235013, 0.19184269;
 0, 0, 0, 1]
Twc:
[0.94638503, -0.19019809, 0.26111314, 0.11387792;
 0.17640415, 0.981417, 0.075512849, 0.13578524;
 -0.27062327, -0.02540279, 0.96235013, -0.24090113;
 0, 0, 0, 1]
Ow:
[-0.19691887;
 -0.11772214;
 0.19184269]
Keyframe: 13 Frame: 0 Frame from vFrameID : 0
Tcw:
[0.92727208, 0.20037173, -0.3162556, -0.23923093;
 -0.21255076, 0.97714138, -0.0041134153, -0.092680849;
 0.30820221, 0.071034625, 0.94866508, 0.16508679;
 0, 0, 0, 1]
Twc:
[0.92727208, -0.21255076, 0.30820221, 0.15125267;
 0.20037173, 0.97714138, 0.071034625, 0.12677053;
 -0.3162556, -0.0041134153, 0.94866508, -0.23265144;
 0, 0, 0, 1]
Ow:
[-0.23923093;
 -0.092680849;
 0.16508679]
