Keyframe: 0 Frame: 0 Frame from vFrameID : 0
Tcw:
[1, 0, 0, 0;
 0, 1, 0, 0;
 0, 0, 1, 0;
 0, 0, 0, 1]
Twc:
[1, 0, 0, 0;
 0, 1, 0, 0;
 0, 0, 1, 0;
 0, 0, 0, 1]
Ow:
[0;
 0;
 0]
Keyframe: 1 Frame: 0 Frame from vFrameID : 0
Tcw:
[0.9999975, -0.0011810281, -0.0018859325, -0.0066432711;
 0.0012036978, 0.99992651, 0.012064913, 0.014251895;
 0.0018715449, -0.012067153, 0.99992543, -0.015775932;
 0, 0, 0, 1]
Twc:
[0.9999975, 0.0012036978, 0.0018715449, 0.0066556255;
 -0.0011810281, 0.99992651, -0.012067153, -0.014449064;
 -0.0018859325, 0.012064913, 0.99992543, 0.015590279;
 0, 0, 0, 1]
Ow:
[-0.0066432711;
 0.014251895;
 -0.015775932]
Keyframe: 2 Frame: 0 Frame from vFrameID : 0
Tcw:
[0.99999887, -0.0013102341, 0.00070464157, -0.011580147;
 0.0012900031, 0.99960756, 0.027983289, 0.028882662;
 -0.00074102974, -0.027982349, 0.99960816, -0.030938031;
 0, 0, 0, 1]
Twc:
[0.99999887, 0.0012900031, -0.00074102974, 0.01151995;
 -0.0013102341, 0.99960756, -0.027982349, -0.029752217;
 0.00070464157, 0.027983289, 0.99960816, 0.030125836;
 0, 0, 0, 1]
Ow:
[-0.011580147;
 0.028882662;
 -0.030938031]
Keyframe: 3 Frame: 0 Frame from vFrameID : 0
Tcw:
[0.99995726, -0.00034808213, 0.0092371264, -0.014264394;
 -0.00026752966, 0.99778235, 0.066560574, 0.059533995;
 -0.0092398096, -0.066560201, 0.99773961, -0.055114213;
 0, 0, 0, 1]
Twc:
[0.99995726, -0.00026752966, -0.0092398096, 0.013770467;
 -0.00034808213, 0.99778235, -0.066560201, -0.063075349;
 0.0092371264, 0.066560574, 0.99773961, 0.051158782;
 0, 0, 0, 1]
Ow:
[-0.014264394;
 0.059533995;
 -0.055114213]
Keyframe: 4 Frame: 0 Frame from vFrameID : 0
Tcw:
[0.99969566, 0.00037534896, 0.024666535, -0.010348937;
 -0.0026357325, 0.99578601, 0.091669269, 0.08364372;
 -0.024528183, -0.09170638, 0.99548393, -0.066323027;
 0, 0, 0, 1]
Twc:
[0.99969566, -0.0026357325, -0.024528183, 0.0089394655;
 0.00037534896, 0.99578601, -0.09170638, -0.089369617;
 0.024666535, 0.091669269, 0.99548393, 0.058611225;
 0, 0, 0, 1]
Ow:
[-0.010348937;
 0.08364372;
 -0.066323027]
Keyframe: 5 Frame: 0 Frame from vFrameID : 0
Tcw:
[0.99921256, 0.0018053143, 0.039635744, -0.00021519221;
 -0.0056262752, 0.99531674, 0.096503429, 0.098148063;
 -0.0392759, -0.096650444, 0.99454314, -0.061307956;
 0, 0, 0, 1]
Twc:
[0.99921256, -0.0056262752, -0.0392759, -0.0016406944;
 0.0018053143, 0.99531674, -0.096650444, -0.10361347;
 0.039635744, 0.096503429, 0.99454314, 0.051510312;
 0, 0, 0, 1]
Ow:
[-0.00021519221;
 0.098148063;
 -0.061307956]
Keyframe: 6 Frame: 0 Frame from vFrameID : 0
Tcw:
[0.99948025, 0.005874427, 0.0316975, 0.021355679;
 -0.0079485122, 0.99780715, 0.065709792, 0.098710127;
 -0.031241983, -0.065927587, 0.9973352, -0.027968369;
 0, 0, 0, 1]
Twc:
[0.99948025, -0.0079485122, -0.031241983, -0.021433769;
 0.005874427, 0.99780715, -0.065927587, -0.100463;
 0.0316975, 0.065709792, 0.9973352, 0.020730695;
 0, 0, 0, 1]
Ow:
[0.021355679;
 0.098710127;
 -0.027968369]
Keyframe: 7 Frame: 0 Frame from vFrameID : 0
Tcw:
[0.99987054, 0.010736293, 0.011985655, 0.036254656;
 -0.01108756, 0.99949926, 0.029636057, 0.092256621;
 -0.011661472, -0.029765112, 0.99948889, 0.0041710781;
 0, 0, 0, 1]
Twc:
[0.99987054, -0.01108756, -0.011661472, -0.035178419;
 0.010736293, 0.99949926, -0.029765112, -0.092475511;
 0.011985655, 0.029636057, 0.99948889, -0.0073376046;
 0, 0, 0, 1]
Ow:
[0.036254656;
 0.092256621;
 0.0041710781]
Keyframe: 8 Frame: 0 Frame from vFrameID : 0
Tcw:
[0.99983233, 0.013193718, -0.012697901, 0.050076455;
 -0.013403025, 0.99977332, -0.016542114, 0.088804878;
 0.01247677, 0.016709533, 0.99978256, 0.04004012;
 0, 0, 0, 1]
Twc:
[0.99983233, -0.013403025, 0.01247677, -0.049377374;
 0.013193718, 0.99977332, 0.016709533, -0.090114497;
 -0.012697901, -0.016542114, 0.99978256, -0.037926529;
 0, 0, 0, 1]
Ow:
[0.050076455;
 0.088804878;
 0.04004012]
Keyframe: 9 Frame: 0 Frame from vFrameID : 0
Tcw:
[0.99968123, 0.0097471979, -0.023289768, 0.063059047;
 -0.011204288, 0.99793321, -0.063275196, 0.090316929;
 0.022624878, 0.063515969, 0.99772435, 0.076047376;
 0, 0, 0, 1]
Twc:
[0.99968123, -0.011204288, 0.022624878, -0.06374757;
 0.0097471979, 0.99793321, 0.063515969, -0.095575139;
 -0.023289768, -0.063275196, 0.99772435, -0.068690859;
 0, 0, 0, 1]
Ow:
[0.063059047;
 0.090316929;
 0.076047376]
Keyframe: 10 Frame: 0 Frame from vFrameID : 0
Tcw:
[0.99964511, 0.012716148, -0.023409355, 0.073927596;
 -0.014940407, 0.99512976, -0.097434886, 0.095951997;
 0.022056349, 0.097750045, 0.99496657, 0.10878028;
 0, 0, 0, 1]
Twc:
[0.99964511, -0.014940407, 0.022056349, -0.074867092;
 0.012716148, 0.99512976, 0.097750045, -0.10705804;
 -0.023409355, -0.097434886, 0.99496657, -0.097153068;
 0, 0, 0, 1]
Ow:
[0.073927596;
 0.095951997;
 0.10878028]
Keyframe: 11 Frame: 0 Frame from vFrameID : 0
Tcw:
[0.99935246, 0.0073784483, -0.035216331, 0.080824062;
 -0.012063924, 0.9908058, -0.13475291, 0.1001052;
 0.033898279, 0.13509052, 0.99025321, 0.13325439;
 0, 0, 0, 1]
Twc:
[0.99935246, -0.012063924, 0.033898279, -0.084081165;
 0.0073784483, 0.9908058, 0.13509052, -0.11778257;
 -0.035216331, -0.13475291, 0.99025321, -0.1156198;
 0, 0, 0, 1]
Ow:
[0.080824062;
 0.1001052;
 0.13325439]
Keyframe: 12 Frame: 0 Frame from vFrameID : 0
Tcw:
[0.99898809, 0.0032384549, -0.044858683, 0.085956864;
 -0.011783934, 0.9814074, -0.1915742, 0.1006028;
 0.04340424, 0.19190896, 0.98045248, 0.15116684;
 0, 0, 0, 1]
Twc:
[0.99898809, -0.011783934, 0.04340424, -0.091245674;
 0.0032384549, 0.9814074, 0.19190896, -0.12802096;
 -0.044858683, -0.1915742, 0.98045248, -0.12508309;
 0, 0, 0, 1]
Ow:
[0.085956864;
 0.1006028;
 0.15116684]
Keyframe: 13 Frame: 0 Frame from vFrameID : 0
Tcw:
[0.99919796, -0.039902527, -0.003356861, 0.10349414;
 0.036639627, 0.94486648, -0.32539964, 0.11656746;
 0.016156053, 0.32501566, 0.94557065, 0.20811287;
 0, 0, 0, 1]
Twc:
[0.99919796, 0.036639627, 0.016156053, -0.11104441;
 -0.039902527, 0.94486648, 0.32501566, -0.17365094;
 -0.003356861, -0.32539964, 0.94557065, -0.15850699;
 0, 0, 0, 1]
Ow:
[0.10349414;
 0.11656746;
 0.20811287]
Keyframe: 14 Frame: 0 Frame from vFrameID : 0
Tcw:
[0.9990319, -0.04386235, -0.0033688932, 0.10349976;
 0.040366288, 0.94445437, -0.3261542, 0.116612;
 0.017487656, 0.32570246, 0.94531059, 0.20811972;
 0, 0, 0, 1]
Twc:
[0.9990319, 0.040366288, 0.017487656, -0.11174629;
 -0.04386235, 0.94445437, 0.32570246, -0.17338006;
 -0.0033688932, -0.3261542, 0.94531059, -0.15835561;
 0, 0, 0, 1]
Ow:
[0.10349976;
 0.116612;
 0.20811972]
Keyframe: 15 Frame: 0 Frame from vFrameID : 0
Tcw:
[0.99896652, -0.045345273, -0.0031211094, 0.10347742;
 0.041842625, 0.9442746, -0.32648844, 0.11663495;
 0.017751891, 0.32602039, 0.94519603, 0.20815083;
 0, 0, 0, 1]
Twc:
[0.99896652, 0.041842625, 0.017751891, -0.11194585;
 -0.045345273, 0.9442746, 0.32602039, -0.17330463;
 -0.0031211094, -0.32648844, 0.94519603, -0.15834041;
 0, 0, 0, 1]
Ow:
[0.10347742;
 0.11663495;
 0.20815083]
Keyframe: 16 Frame: 0 Frame from vFrameID : 0
Tcw:
[0.99900532, -0.044446502, -0.0035851346, 0.10354965;
 0.040853359, 0.94452947, -0.32587591, 0.11659822;
 0.017870309, 0.3254053, 0.94540578, 0.20807819;
 0, 0, 0, 1]
Twc:
[0.99900532, 0.040853359, 0.017870309, -0.1119285;
 -0.044446502, 0.94452947, 0.3254053, -0.17323777;
 -0.0035851346, -0.32587591, 0.94540578, -0.15835053;
 0, 0, 0, 1]
Ow:
[0.10354965;
 0.11659822;
 0.20807819]
Keyframe: 17 Frame: 0 Frame from vFrameID : 0
Tcw:
[0.99894691, -0.045770817, -0.0031884229, 0.1039755;
 0.042219821, 0.94420129, -0.3266519, 0.11681201;
 0.017961636, 0.32617328, 0.94513935, 0.20800444;
 0, 0, 0, 1]
Twc:
[0.99894691, 0.042219821, 0.017961636, -0.11253389;
 -0.045770817, 0.94420129, 0.32617328, -0.17338048;
 -0.0031884229, -0.3266519, 0.94513935, -0.15810481;
 0, 0, 0, 1]
Ow:
[0.1039755;
 0.11681201;
 0.20800444]
Keyframe: 18 Frame: 0 Frame from vFrameID : 0
Tcw:
[0.99893218, -0.046083417, -0.0032953923, 0.10403083;
 0.042481795, 0.94421464, -0.32657924, 0.11680177;
 0.018161444, 0.32609051, 0.94516408, 0.20803253;
 0, 0, 0, 1]
Twc:
[0.99893218, 0.042481795, 0.018161444, -0.11265985;
 -0.046083417, 0.94421464, 0.32609051, -0.17332926;
 -0.0032953923, -0.32657924, 0.94516408, -0.15813702;
 0, 0, 0, 1]
Ow:
[0.10403083;
 0.11680177;
 0.20803253]
Keyframe: 19 Frame: 0 Frame from vFrameID : 0
Tcw:
[0.99894851, -0.045720849, -0.0033786509, 0.10401113;
 0.042112272, 0.94423729, -0.3265616, 0.11678572;
 0.01812092, 0.32607594, 0.94516987, 0.20800139;
 0, 0, 0, 1]
Twc:
[0.99894851, 0.042112272, 0.01812092, -0.11258905;
 -0.045720849, 0.94423729, 0.32607594, -0.1733422;
 -0.0033786509, -0.3265616, 0.94516987, -0.1581075;
 0, 0, 0, 1]
Ow:
[0.10401113;
 0.11678572;
 0.20800139]
Keyframe: 20 Frame: 0 Frame from vFrameID : 0
Tcw:
[0.99896932, -0.045249082, -0.0035863128, 0.10406908;
 0.041599866, 0.94428235, -0.32649705, 0.11680423;
 0.018160183, 0.32601133, 0.94519144, 0.208087;
 0, 0, 0, 1]
Twc:
[0.99896932, 0.041599866, 0.018160183, -0.11259975;
 -0.045249082, 0.94428235, 0.32601133, -0.17342585;
 -0.0035863128, -0.32649705, 0.94519144, -0.15817259;
 0, 0, 0, 1]
Ow:
[0.10406908;
 0.11680423;
 0.208087]
Keyframe: 21 Frame: 0 Frame from vFrameID : 0
Tcw:
[0.99895942, -0.045485225, -0.0033422711, 0.10404119;
 0.041901417, 0.94424665, -0.32656163, 0.11678318;
 0.018009657, 0.32608175, 0.94516999, 0.20810971;
 0, 0, 0, 1]
Twc:
[0.99895942, 0.041901417, 0.018009657, -0.11257429;
 -0.045485225, 0.94424665, 0.32608175, -0.17340058;
 -0.0033422711, -0.32656163, 0.94516999, -0.15821442;
 0, 0, 0, 1]
Ow:
[0.10404119;
 0.11678318;
 0.20810971]
Keyframe: 22 Frame: 0 Frame from vFrameID : 0
Tcw:
[0.99895376, -0.045615312, -0.003251577, 0.10409127;
 0.042055741, 0.94427228, -0.32646766, 0.11674492;
 0.017962299, 0.32598937, 0.94520277, 0.20809728;
 0, 0, 0, 1]
Twc:
[0.99895376, 0.042055741, 0.017962299, -0.11263008;
 -0.045615312, 0.94427228, 0.32598937, -0.17332834;
 -0.003251577, -0.32646766, 0.94520277, -0.15824223;
 0, 0, 0, 1]
Ow:
[0.10409127;
 0.11674492;
 0.20809728]
Keyframe: 23 Frame: 0 Frame from vFrameID : 0
Tcw:
[0.99898171, -0.044988941, -0.0033957514, 0.10413389;
 0.041419886, 0.94435942, -0.3262969, 0.11673515;
 0.017886562, 0.32582399, 0.94526124, 0.2079802;
 0, 0, 0, 1]
Twc:
[0.99898171, 0.041419886, 0.017886562, -0.11258306;
 -0.044988941, 0.94435942, 0.32582399, -0.17332;
 -0.0033957514, -0.3262969, 0.94526124, -0.15815169;
 0, 0, 0, 1]
Ow:
[0.10413389;
 0.11673515;
 0.2079802]
Keyframe: 24 Frame: 0 Frame from vFrameID : 0
Tcw:
[0.9989813, -0.044999316, -0.0033853184, 0.10417075;
 0.041435681, 0.94440603, -0.32616001, 0.1167472;
 0.017874094, 0.3256875, 0.94530851, 0.20808309;
 0, 0, 0, 1]
Twc:
[0.9989813, 0.041435681, 0.017874094, -0.11262143;
 -0.044999316, 0.94440603, 0.3256875, -0.17333919;
 -0.0033853184, -0.32616001, 0.94530851, -0.1582718;
 0, 0, 0, 1]
Ow:
[0.10417075;
 0.1167472;
 0.20808309]
Keyframe: 25 Frame: 0 Frame from vFrameID : 0
Tcw:
[0.99894267, -0.045878481, -0.0029571219, 0.10426478;
 0.04239152, 0.94409215, -0.32694495, 0.11663006;
 0.017791532, 0.32647389, 0.94503874, 0.2080465;
 0, 0, 0, 1]
Twc:
[0.99894267, 0.04239152, 0.017791532, -0.11280013;
 -0.045878481, 0.94409215, 0.32647389, -0.17324775;
 -0.0029571219, -0.32694495, 0.94503874, -0.15817207;
 0, 0, 0, 1]
Ow:
[0.10426478;
 0.11663006;
 0.2080465]
Keyframe: 26 Frame: 0 Frame from vFrameID : 0
Tcw:
[0.99895561, -0.045598701, -0.0029112541, 0.10449225;
 0.042143837, 0.94413584, -0.32685077, 0.11651163;
 0.01765259, 0.32638672, 0.94507146, 0.20803565;
 0, 0, 0, 1]
Twc:
[0.99895561, 0.042143837, 0.01765259, -0.11296573;
 -0.045598701, 0.94413584, 0.32638672, -0.17313816;
 -0.0029112541, -0.32685077, 0.94507146, -0.15822244;
 0, 0, 0, 1]
Ow:
[0.10449225;
 0.11651163;
 0.20803565]
Keyframe: 27 Frame: 0 Frame from vFrameID : 0
Tcw:
[0.99888533, -0.047182541, -0.0013787113, 0.10460746;
 0.044160545, 0.94442612, -0.32574391, 0.11636588;
 0.016671518, 0.32531995, 0.94545704, 0.20812634;
 0, 0, 0, 1]
Twc:
[0.99888533, 0.044160545, 0.016671518, -0.11309942;
 -0.047182541, 0.94442612, 0.32531995, -0.17267098;
 -0.0013787113, -0.32574391, 0.94545704, -0.1587248;
 0, 0, 0, 1]
Ow:
[0.10460746;
 0.11636588;
 0.20812634]
Keyframe: 28 Frame: 0 Frame from vFrameID : 0
Tcw:
[0.99877626, -0.049397826, 0.0024240538, 0.10471456;
 0.047502648, 0.9445073, -0.32503763, 0.11632791;
 0.013766616, 0.32475501, 0.94569796, 0.20814234;
 0, 0, 0, 1]
Twc:
[0.99877626, 0.047502648, 0.013766616, -0.11297771;
 -0.049397826, 0.9445073, 0.32475501, -0.17229515;
 0.0024240538, -0.32503763, 0.94569796, -0.15928268;
 0, 0, 0, 1]
Ow:
[0.10471456;
 0.11632791;
 0.20814234]
Keyframe: 29 Frame: 0 Frame from vFrameID : 0
Tcw:
[0.9987542, -0.042888798, 0.025505781, 0.12359406;
 0.048316453, 0.95892751, -0.27950585, 0.12645128;
 -0.012470527, 0.28038999, 0.95980513, 0.19423378;
 0, 0, 0, 1]
Twc:
[0.9987542, 0.048316453, -0.012470527, -0.12712757;
 -0.042888798, 0.95892751, 0.28038999, -0.17041804;
 0.025505781, -0.27950585, 0.95980513, -0.15423508;
 0, 0, 0, 1]
Ow:
[0.12359406;
 0.12645128;
 0.19423378]
Keyframe: 30 Frame: 0 Frame from vFrameID : 0
Tcw:
[0.99768043, 0.040901396, 0.054413609, 0.17099211;
 -0.028126346, 0.97562134, -0.21765091, 0.13950224;
 -0.061989304, 0.2156156, 0.9745087, 0.13559613;
 0, 0, 0, 1]
Twc:
[0.99768043, -0.028126346, -0.061989304, -0.15826628;
 0.040901396, 0.97562134, 0.2156156, -0.17233182;
 0.054413609, -0.21765091, 0.9745087, -0.11108112;
 0, 0, 0, 1]
Ow:
[0.17099211;
 0.13950224;
 0.13559613]
